110 126
2 8 8
1 16

1 1 6 44 INV
1 1 5 38 INV
1 1 4 90 INV
1 1 3 98 INV
1 1 2 50 INV
1 1 1 54 INV
1 1 11 34 INV
1 1 8 36 INV
2 1 44 14 100 AND
1 1 100 94 INV
2 1 6 14 46 AND
1 1 46 102 INV
2 1 6 14 106 XOR
2 1 44 14 104 XOR
2 1 38 13 96 AND
1 1 96 40 INV
2 1 5 13 32 AND
1 1 32 29 INV
2 1 5 13 87 XOR
2 1 38 13 48 XOR
2 1 12 90 52 AND
1 1 52 42 INV
2 1 4 12 108 AND
1 1 108 27 INV
2 1 4 12 109 XOR
1 1 109 92 INV
2 1 11 98 88 AND
1 1 88 91 INV
2 1 34 98 43 AND
1 1 43 37 INV
2 1 3 11 89 AND
1 1 89 97 INV
2 1 11 98 49 XOR
2 1 50 10 53 AND
1 1 53 33 INV
2 1 2 10 35 AND
1 1 35 99 INV
2 1 2 10 93 XOR
2 1 50 10 45 XOR
2 1 54 9 101 AND
1 1 101 105 INV
2 1 1 9 103 AND
1 1 103 95 INV
2 1 1 9 39 XOR
1 1 39 31 INV
2 1 0 8 28 AND
2 1 0 8 118 XOR
2 1 36 0 86 AND
1 1 86 47 INV
2 1 31 47 51 AND
1 1 51 41 INV
2 1 41 105 107 AND
1 1 107 77 INV
2 1 45 77 80 AND
1 1 80 82 INV
2 1 33 82 75 AND
1 1 75 69 INV
2 1 49 69 78 AND
1 1 78 72 INV
2 1 72 91 65 AND
1 1 65 67 INV
2 1 67 92 76 AND
1 1 76 84 INV
2 1 42 84 70 AND
1 1 70 63 INV
2 1 48 63 58 AND
1 1 58 56 INV
2 1 40 56 55 AND
1 1 55 60 INV
2 1 60 104 61 AND
1 1 61 30 INV
2 1 30 94 85 AND
2 1 7 15 74 XOR
2 1 74 85 125 XOR
2 1 55 106 124 XOR
2 1 70 87 123 XOR
2 1 65 109 122 XOR
2 1 49 69 121 XOR
2 1 93 107 120 XOR
2 1 39 86 119 XOR
2 1 28 39 68 AND
1 1 68 81 INV
2 1 81 95 83 AND
1 1 83 64 INV
2 1 64 93 66 AND
1 1 66 71 INV
2 1 71 99 79 AND
2 1 79 97 73 AND
1 1 73 62 INV
2 1 37 62 57 AND
2 1 57 109 22 AND
1 1 22 20 INV
2 1 20 27 25 AND
1 1 25 26 INV
2 1 26 87 24 AND
1 1 24 59 INV
2 1 29 59 23 AND
1 1 23 21 INV
2 1 21 106 17 AND
1 1 17 18 INV
2 1 18 102 19 AND
1 1 19 16 INV
2 1 16 74 117 XOR
2 1 23 104 116 XOR
2 1 25 48 115 XOR
2 1 57 109 114 XOR
2 1 49 79 113 XOR
2 1 45 83 112 XOR
2 1 28 39 111 XOR
2 1 0 8 110 XOR