32 41
3 4 4 1
2 4 1

2 1 3 6 13 AND
1 1 13 12 INV
2 1 4 5 19 AND
1 1 19 29 INV
2 1 4 5 26 XOR
2 1 1 8 22 AND
1 1 22 24 INV
2 1 2 7 23 AND
1 1 23 18 INV
2 1 2 7 17 XOR
2 1 0 17 10 AND
1 1 10 16 INV
2 1 16 18 34 AND
1 1 34 25 INV
2 1 1 8 14 XOR
2 1 14 25 15 AND
1 1 15 27 INV
2 1 24 27 20 AND
1 1 20 33 INV
2 1 26 33 28 AND
1 1 28 9 INV
2 1 9 29 32 AND
1 1 32 30 INV
2 1 3 6 35 XOR
2 1 30 35 11 AND
1 1 11 21 INV
2 1 12 21 31 AND
1 1 31 37 INV
2 1 0 17 36 XOR
2 1 14 25 40 XOR
2 1 26 33 39 XOR
2 1 30 35 38 XOR
