232 273
1 41
1 32

1 1 36 107 INV
1 1 0 106 INV
1 1 4 177 INV
1 1 40 176 INV
1 1 9 178 INV
1 1 8 162 INV
1 1 12 63 INV
1 1 10 61 INV
1 1 14 62 INV
1 1 13 59 INV
1 1 16 60 INV
1 1 15 57 INV
1 1 21 58 INV
1 1 17 47 INV
1 1 11 48 INV
1 1 33 45 INV
1 1 22 46 INV
1 1 37 43 INV
1 1 39 44 INV
1 1 38 41 INV
1 1 23 42 INV
1 1 18 55 INV
1 1 1 56 INV
1 1 3 53 INV
1 1 2 54 INV
1 1 5 51 INV
1 1 7 52 INV
1 1 6 49 INV
1 1 24 50 INV
1 1 19 96 INV
1 1 25 97 INV
1 1 20 94 INV
2 1 26 35 95 AND
2 1 4 40 92 XOR
2 1 92 95 93 XOR
2 1 0 107 90 XOR
2 1 36 0 91 XOR
2 1 91 93 104 XOR
2 1 90 93 105 XOR
2 1 10 12 102 XOR
2 1 9 8 103 XOR
2 1 102 103 100 XOR
2 1 15 16 101 XOR
2 1 13 14 98 XOR
2 1 98 101 99 XOR
2 1 99 100 89 XOR
2 1 89 105 207 XOR
2 1 89 104 208 XOR
2 1 30 35 197 AND
2 1 21 17 198 XOR
2 1 197 198 195 XOR
2 1 13 8 196 XOR
2 1 195 196 193 XOR
2 1 38 39 194 XOR
2 1 36 37 191 XOR
2 1 191 194 192 XOR
2 1 22 33 205 XOR
2 1 11 0 206 XOR
2 1 205 206 203 XOR
2 1 192 203 204 XOR
2 1 193 204 201 XOR
1 1 201 202 INV
2 1 31 35 199 AND
2 1 23 18 200 XOR
2 1 199 200 231 XOR
2 1 9 14 232 XOR
2 1 231 232 229 XOR
2 1 6 7 230 XOR
2 1 4 5 227 XOR
2 1 227 230 228 XOR
2 1 2 3 225 XOR
2 1 1 40 226 XOR
2 1 225 226 239 XOR
2 1 228 239 240 XOR
2 1 229 240 237 XOR
1 1 237 238 INV
2 1 201 238 235 AND
2 1 35 34 236 AND
2 1 25 20 233 XOR
2 1 233 236 234 XOR
2 1 12 16 215 XOR
2 1 215 234 216 XOR
2 1 192 228 213 XOR
2 1 213 216 214 XOR
1 1 214 211 INV
2 1 32 35 212 AND
2 1 24 19 209 XOR
2 1 209 212 210 XOR
2 1 10 15 223 XOR
2 1 210 223 224 XOR
2 1 203 239 221 XOR
2 1 221 224 222 XOR
1 1 222 219 INV
2 1 211 222 220 AND
2 1 27 35 217 AND
2 1 1 5 218 XOR
2 1 217 218 130 XOR
2 1 48 37 131 XOR
2 1 11 37 128 XOR
2 1 128 130 129 XOR
2 1 130 131 126 XOR
2 1 19 20 127 XOR
2 1 18 17 124 XOR
2 1 124 127 125 XOR
2 1 24 25 138 XOR
2 1 23 21 139 XOR
2 1 138 139 136 XOR
2 1 125 136 137 XOR
2 1 126 137 134 XOR
2 1 129 137 135 XOR
2 1 135 207 132 AND
2 1 28 35 133 AND
2 1 2 6 114 XOR
2 1 114 133 115 XOR
2 1 22 38 112 XOR
2 1 112 115 113 XOR
2 1 100 125 110 XOR
2 1 110 113 111 XOR
1 1 111 108 INV
2 1 108 132 109 AND
1 1 109 122 INV
2 1 134 208 123 AND
2 1 108 123 120 AND
1 1 120 121 INV
2 1 121 122 118 AND
1 1 118 119 INV
2 1 29 35 116 AND
2 1 3 7 117 XOR
2 1 116 117 147 XOR
2 1 33 39 148 XOR
2 1 147 148 145 XOR
2 1 99 136 146 XOR
2 1 145 146 143 XOR
1 1 143 144 INV
2 1 119 144 141 AND
1 1 141 142 INV
2 1 111 144 153 AND
2 1 111 143 154 XOR
2 1 134 207 151 AND
2 1 151 154 152 AND
1 1 152 149 INV
2 1 142 149 150 AND
1 1 150 140 INV
2 1 140 220 175 AND
2 1 175 235 174 AND
2 1 174 208 173 AND
2 1 106 173 241 XOR
2 1 135 174 172 AND
2 1 48 172 242 XOR
2 1 111 174 171 AND
2 1 46 171 243 XOR
2 1 143 174 170 AND
2 1 45 170 244 XOR
2 1 214 219 183 AND
2 1 140 183 182 AND
2 1 182 235 181 AND
2 1 181 208 180 AND
2 1 107 180 245 XOR
2 1 135 181 179 AND
2 1 43 179 246 XOR
2 1 111 181 164 AND
2 1 41 164 247 XOR
2 1 143 181 163 AND
2 1 44 163 248 XOR
2 1 202 237 160 AND
2 1 160 175 161 AND
2 1 161 208 158 AND
2 1 158 176 249 XOR
2 1 135 161 159 AND
2 1 56 159 250 XOR
2 1 111 161 155 AND
2 1 54 155 251 XOR
2 1 143 161 157 AND
2 1 53 157 252 XOR
2 1 160 182 156 AND
2 1 156 208 168 AND
2 1 168 177 253 XOR
2 1 135 156 169 AND
2 1 51 169 254 XOR
2 1 111 156 166 AND
2 1 49 166 255 XOR
2 1 143 156 167 AND
2 1 52 167 256 XOR
2 1 201 237 165 XOR
2 1 165 211 190 AND
2 1 190 219 188 AND
1 1 188 189 INV
2 1 214 222 186 XOR
2 1 186 202 187 AND
2 1 187 238 184 AND
1 1 184 185 INV
2 1 185 189 79 AND
1 1 79 80 INV
2 1 80 153 77 AND
2 1 77 123 78 AND
2 1 78 201 75 AND
2 1 75 162 257 XOR
2 1 78 237 76 AND
2 1 76 178 258 XOR
2 1 78 222 73 AND
2 1 61 73 259 XOR
2 1 78 214 74 AND
2 1 63 74 260 XOR
2 1 120 143 87 AND
2 1 80 87 88 AND
2 1 88 201 85 AND
2 1 59 85 261 XOR
2 1 88 237 86 AND
2 1 62 86 262 XOR
2 1 88 222 83 AND
2 1 57 83 263 XOR
2 1 88 214 84 AND
2 1 60 84 264 XOR
2 1 77 132 81 AND
2 1 81 201 82 AND
2 1 47 82 265 XOR
2 1 81 237 70 AND
2 1 55 70 266 XOR
2 1 81 222 71 AND
2 1 71 96 267 XOR
2 1 81 214 68 AND
2 1 68 94 268 XOR
2 1 109 143 69 AND
2 1 69 80 66 AND
2 1 66 201 67 AND
2 1 58 67 269 XOR
2 1 66 237 64 AND
2 1 42 64 270 XOR
2 1 66 222 65 AND
2 1 50 65 271 XOR
2 1 66 214 72 AND
2 1 72 97 272 XOR
