4377 4683
5 64 64 64 64 50
2 64 48

2 1 99 17 3298 AND
2 1 99 19 3324 AND
1 1 179 2760 INV
1 1 180 3345 INV
1 1 4 3353 INV
1 1 174 3349 INV
1 1 183 2773 INV
1 1 192 2768 INV
2 1 1 140 3579 AND
2 1 1 141 3600 AND
1 1 1 2809 INV
1 1 5 2808 INV
1 1 174 3635 INV
1 1 1 3632 INV
1 1 201 4149 INV
1 1 204 4225 INV
1 1 206 4483 INV
1 1 195 4521 INV
1 1 1 2874 INV
1 1 2 4402 INV
1 1 38 4433 INV
1 1 43 2870 INV
2 1 78 43 3793 AND
1 1 189 3777 INV
2 1 39 78 2844 AND
1 1 71 3822 INV
1 1 190 2839 INV
1 1 75 3808 INV
2 1 78 41 3861 AND
1 1 73 3854 INV
1 1 77 3857 INV
1 1 78 3851 INV
1 1 73 3881 INV
2 1 78 88 3877 AND
1 1 88 3872 INV
1 1 185 2834 INV
1 1 82 3658 INV
2 1 80 82 2855 AND
1 1 187 3724 INV
1 1 86 3723 INV
2 1 80 86 3699 AND
1 1 34 3697 INV
1 1 2 3702 INV
1 1 129 2851 INV
1 1 217 3966 INV
1 1 215 889 INV
2 1 50 80 988 AND
1 1 50 999 INV
1 1 52 982 INV
2 1 29 78 979 AND
1 1 78 767 INV
1 1 30 768 INV
1 1 31 809 INV
2 1 31 78 811 AND
1 1 2 797 INV
1 1 127 3096 INV
1 1 223 801 INV
1 1 18 842 INV
1 1 95 840 INV
1 1 224 3166 INV
1 1 18 817 INV
1 1 17 815 INV
1 1 226 3163 INV
1 1 18 847 INV
1 1 94 850 INV
1 1 18 1139 INV
1 1 93 1140 INV
1 1 18 1161 INV
1 1 91 1159 INV
1 1 20 1153 INV
1 1 95 1154 INV
1 1 20 1180 INV
1 1 94 3185 INV
1 1 20 1225 INV
1 1 93 3179 INV
1 1 20 1024 INV
1 1 91 1025 INV
1 1 4 1015 INV
1 1 142 1016 INV
1 1 4 1051 INV
1 1 139 1052 INV
1 1 4 1043 INV
1 1 161 3173 INV
1 1 5 1069 INV
1 1 142 1071 INV
1 1 5 1073 INV
1 1 139 1074 INV
1 1 5 1102 INV
1 1 161 1101 INV
1 1 137 427 INV
1 1 5 3138 INV
1 1 136 437 INV
2 1 137 3 423 AND
1 1 134 467 INV
1 1 158 453 INV
1 1 231 488 INV
1 1 133 476 INV
1 1 132 513 INV
1 1 135 328 INV
1 1 131 310 INV
1 1 126 346 INV
1 1 1 350 INV
1 1 2 331 INV
1 1 8 356 INV
2 1 0 116 363 AND
1 1 18 402 INV
1 1 109 3211 INV
1 1 18 669 INV
1 1 107 670 INV
1 1 18 652 INV
1 1 96 653 INV
1 1 17 703 INV
1 1 18 704 INV
1 1 102 687 INV
1 1 20 723 INV
1 1 109 724 INV
1 1 20 717 INV
1 1 107 715 INV
1 1 20 737 INV
1 1 96 3222 INV
1 1 235 550 INV
2 1 102 19 537 AND
1 1 4 574 INV
1 1 154 557 INV
1 1 153 556 INV
1 1 4 602 INV
1 1 152 603 INV
1 1 4 591 INV
1 1 151 589 INV
1 1 172 601 INV
1 1 4 651 INV
1 1 162 649 INV
1 1 164 645 INV
1 1 4 628 INV
1 1 5 1752 INV
1 1 154 1755 INV
1 1 153 1758 INV
1 1 5 1748 INV
1 1 152 1745 INV
1 1 5 1789 INV
1 1 151 1787 INV
1 1 172 1786 INV
1 1 5 1817 INV
1 1 164 1816 INV
1 1 5 1822 INV
1 1 162 3199 INV
1 1 17 1793 INV
1 1 239 1837 INV
1 1 18 1847 INV
1 1 98 1848 INV
1 1 19 3196 INV
1 1 20 1643 INV
1 1 20 1650 INV
1 1 98 1651 INV
1 1 19 1629 INV
1 1 243 1685 INV
1 1 246 3281 INV
1 1 66 1972 INV
1 1 54 1973 INV
1 1 67 1971 INV
1 1 45 2035 INV
1 1 55 2036 INV
1 1 46 2040 INV
1 1 2 2013 INV
2 1 123 1 2014 AND
1 1 251 3242 INV
1 1 122 1853 INV
1 1 253 1889 INV
1 1 254 1908 INV
2 1 121 1 3255 AND
1 1 1 1916 INV
1 1 125 1922 INV
1 1 256 1924 INV
1 1 259 1385 INV
1 1 3 2950 INV
1 1 4 1395 INV
1 1 4 1376 INV
1 1 175 1374 INV
1 1 128 1415 INV
1 1 119 1243 INV
1 1 159 1263 INV
1 1 262 2957 INV
1 1 5 2958 INV
1 1 6 1299 INV
1 1 5 1279 INV
1 1 175 1280 INV
1 1 130 1542 INV
1 1 1 1557 INV
1 1 1 1592 INV
1 1 2 2928 INV
1 1 2 1597 INV
1 1 269 1448 INV
1 1 283 3002 INV
1 1 69 2999 INV
1 1 82 2991 INV
1 1 271 2990 INV
1 1 86 2994 INV
1 1 272 2993 INV
1 1 61 2982 INV
1 1 65 2983 INV
1 1 52 2988 INV
1 1 48 2540 INV
1 1 55 2562 INV
2 1 55 64 3012 AND
2 1 55 62 3007 AND
1 1 32 3009 INV
1 1 55 2579 INV
2 1 55 58 2577 AND
1 1 276 3005 INV
2 1 55 60 2575 AND
1 1 55 2572 INV
2 1 55 277 2462 AND
1 1 55 2463 INV
2 1 55 47 2457 AND
1 1 55 2483 INV
2 1 55 49 2963 AND
1 1 55 2501 INV
2 1 55 51 2496 AND
1 1 31 2521 INV
1 1 56 2505 INV
1 1 55 2502 INV
1 1 57 2503 INV
1 1 35 2693 INV
2 1 54 87 2976 AND
1 1 89 2678 INV
1 1 54 2681 INV
1 1 90 2682 INV
2 1 54 85 2971 AND
2 1 54 72 2722 AND
1 1 40 2720 INV
2 1 54 72 3039 AND
1 1 54 2739 INV
1 1 39 2745 INV
1 1 54 2606 INV
2 1 54 70 2610 AND
1 1 54 2600 INV
1 1 285 3055 INV
1 1 282 2629 INV
1 1 285 2613 INV
2 1 54 68 3050 AND
1 1 287 2673 INV
1 1 54 2669 INV
1 1 75 3044 INV
1 1 74 2676 INV
1 1 81 2660 INV
1 1 54 3022 INV
1 1 82 2654 INV
1 1 10 2152 INV
1 1 12 2141 INV
1 1 11 2139 INV
1 1 88 2140 INV
1 1 294 2138 INV
1 1 10 2183 INV
2 1 84 38 3019 AND
1 1 12 2167 INV
1 1 38 2163 INV
1 1 10 2214 INV
1 1 86 2209 INV
2 1 86 34 2221 AND
1 1 12 2217 INV
1 1 34 2192 INV
1 1 11 2240 INV
1 1 82 2247 INV
1 1 37 2244 INV
2 1 37 82 3035 AND
1 1 10 2225 INV
1 1 82 2223 INV
2 1 90 80 2052 AND
1 1 90 2062 INV
1 1 90 2056 INV
2 1 36 90 2042 AND
1 1 290 2051 INV
1 1 12 2073 INV
1 1 40 3025 INV
1 1 12 2067 INV
1 1 39 3028 INV
1 1 291 2098 INV
1 1 12 2093 INV
1 1 292 2120 INV
1 1 43 3068 INV
1 1 48 2361 INV
2 1 48 78 2387 AND
1 1 63 2389 INV
2 1 63 78 2399 AND
1 1 9 2395 INV
1 1 65 2381 INV
2 1 65 80 3079 AND
1 1 61 2416 INV
1 1 77 2430 INV
1 1 78 3075 INV
1 1 33 2403 INV
1 1 59 2446 INV
1 1 77 2447 INV
1 1 78 3074 INV
1 1 32 2448 INV
1 1 28 2441 INV
1 1 10 2266 INV
1 1 52 2248 INV
1 1 12 2255 INV
1 1 29 2295 INV
1 1 297 2281 INV
1 1 12 2286 INV
1 1 31 2283 INV
1 1 9 2325 INV
1 1 299 2324 INV
2 1 299 9 2305 AND
2 1 15 149 2302 AND
1 1 15 2347 INV
2 1 15 148 2339 AND
2 1 15 169 2899 AND
1 1 165 3065 INV
1 1 165 2895 INV
1 1 15 2889 INV
1 1 143 2913 INV
1 1 144 2912 INV
1 1 15 2916 INV
1 1 145 2909 INV
2 1 166 167 2756 AND
2 1 112 111 2919 AND
1 1 305 2918 INV
1 1 178 3288 INV
1 1 180 3378 INV
1 1 183 3535 INV
1 1 3579 3419 INV
1 1 181 3592 INV
1 1 3600 3593 INV
1 1 155 3350 INV
1 1 194 3392 INV
1 1 192 3476 INV
1 1 193 3501 INV
1 1 198 4254 INV
1 1 199 4322 INV
1 1 201 4144 INV
1 1 202 4146 INV
1 1 200 4129 INV
1 1 203 4194 INV
1 1 21 3391 INV
1 1 195 4536 INV
1 1 196 4565 INV
1 1 197 4360 INV
1 1 2855 3681 INV
1 1 218 3624 INV
1 1 16 3612 INV
1 1 219 4063 INV
1 1 220 4084 INV
1 1 221 4105 INV
1 1 222 3921 INV
1 1 216 3925 INV
1 1 78 4454 INV
1 1 105 843 INV
1 1 104 845 INV
1 1 103 1143 INV
1 1 101 1123 INV
1 1 163 1027 INV
1 1 138 1046 INV
1 1 160 1035 INV
2 1 423 4 415 AND
1 1 8 335 INV
1 1 124 334 INV
1 1 7 338 INV
1 1 363 368 INV
2 1 703 704 3305 AND
1 1 110 395 INV
1 1 108 394 INV
1 1 106 674 INV
1 1 19 551 INV
1 1 92 708 INV
1 1 173 604 INV
1 1 18 3294 INV
1 1 17 707 INV
2 1 1643 3196 3333 AND
1 1 97 1809 INV
1 1 20 3321 INV
1 1 114 791 INV
1 1 3255 1876 INV
1 1 255 1897 INV
1 1 176 1947 INV
1 1 257 1327 INV
1 1 258 1361 INV
1 1 4 421 INV
2 1 1385 3 616 XOR
2 1 1395 2950 555 AND
1 1 5 430 INV
2 1 2957 6 1762 XOR
2 1 1299 2958 1759 AND
1 1 156 1393 INV
1 1 266 1310 INV
1 1 2 3387 INV
1 1 157 1559 INV
2 1 1592 2928 911 AND
1 1 1 3537 INV
2 1 67 2999 1504 XOR
2 1 2991 75 1505 XOR
2 1 2990 71 1508 XOR
2 1 84 2994 1509 XOR
2 1 2993 73 2525 XOR
2 1 90 88 2526 XOR
2 1 59 2982 2528 XOR
2 1 63 2983 2527 XOR
2 1 50 2988 2522 XOR
2 1 46 2540 2524 XOR
1 1 65 2551 INV
1 1 3012 2553 INV
1 1 3007 2557 INV
1 1 2577 2584 INV
2 1 33 3005 881 XOR
1 1 33 1324 INV
1 1 2575 2569 INV
2 1 2462 60 2568 AND
1 1 48 2469 INV
1 1 2457 2470 INV
1 1 273 2454 INV
1 1 28 986 INV
1 1 2963 2458 INV
1 1 55 2547 INV
1 1 29 970 INV
1 1 2496 2492 INV
1 1 274 2486 INV
1 1 2976 2689 INV
1 1 2971 2688 INV
1 1 38 1519 INV
2 1 54 83 2706 AND
1 1 3039 2723 INV
1 1 283 1486 INV
1 1 2610 1873 INV
2 1 2600 3055 1471 AND
2 1 54 285 1470 AND
1 1 282 2609 INV
2 1 54 2613 1478 XOR
1 1 3050 1479 INV
1 1 74 2630 INV
1 1 287 2643 INV
2 1 2669 3044 2652 AND
1 1 54 2697 INV
1 1 88 3878 INV
2 1 2138 88 2696 XOR
1 1 35 3894 INV
1 1 3019 4453 INV
1 1 84 4460 INV
1 1 34 2686 INV
1 1 2221 3695 INV
1 1 86 2684 INV
1 1 295 2196 INV
1 1 3035 3693 INV
1 1 37 3664 INV
1 1 36 2695 INV
1 1 73 3852 INV
1 1 40 3887 INV
1 1 71 3786 INV
1 1 39 3835 INV
1 1 75 3862 INV
1 1 41 3812 INV
1 1 43 1498 INV
1 1 69 4439 INV
1 1 2387 2366 INV
1 1 77 4451 INV
1 1 2399 2392 INV
1 1 30 1608 INV
1 1 76 3826 INV
1 1 3079 2383 INV
1 1 61 2576 INV
1 1 80 4458 INV
1 1 59 2583 INV
1 1 12 2246 INV
1 1 50 948 INV
2 1 50 298 950 XOR
1 1 52 981 INV
1 1 10 2253 INV
1 1 11 2165 INV
1 1 57 775 INV
2 1 2324 2325 2318 AND
1 1 2305 2326 INV
1 1 2302 2306 INV
2 1 15 171 2310 AND
1 1 300 2308 INV
1 1 150 2351 INV
1 1 2339 2331 INV
1 1 2899 2338 INV
1 1 112 2323 INV
1 1 15 2301 INV
1 1 64 4659 INV
1 1 301 2915 INV
2 1 2915 177 4660 XOR
1 1 302 3063 INV
2 1 177 3063 4661 XOR
1 1 2756 4662 INV
2 1 26 303 4664 XOR
1 1 13 2923 INV
2 1 42 24 2755 AND
1 1 2755 4665 INV
1 1 14 2920 INV
1 1 115 2924 INV
2 1 177 44 4668 AND
1 1 23 4669 INV
1 1 79 4672 INV
1 1 2919 2917 INV
1 1 49 4674 INV
2 1 2918 53 4675 XOR
1 1 27 4676 INV
1 1 27 4677 INV
1 1 26 4678 INV
1 1 22 4670 INV
1 1 25 4671 INV
1 1 47 4680 INV
1 1 51 4681 INV
1 1 27 4682 INV
2 1 18 3298 3300 AND
1 1 3288 3297 INV
2 1 3294 17 3328 AND
2 1 20 3324 3323 AND
2 1 19 3321 3370 AND
1 1 3378 3374 INV
2 1 3349 3353 3352 AND
2 1 3350 4 3404 AND
1 1 3387 3385 INV
1 1 3392 3551 INV
1 1 3535 3530 INV
1 1 3624 3621 INV
2 1 3350 5 3646 AND
2 1 2808 3635 3656 AND
1 1 4144 4137 INV
1 1 3391 4183 INV
1 1 4360 4358 INV
1 1 4451 4440 INV
1 1 4453 4441 INV
1 1 4454 4444 INV
1 1 4458 4455 INV
1 1 4460 2869 INV
2 1 76 4460 4431 AND
1 1 4439 4435 INV
1 1 4458 2872 INV
2 1 4439 76 3791 AND
2 1 43 4439 3788 AND
2 1 3793 69 2842 AND
2 1 2844 71 3787 AND
2 1 39 3786 3827 AND
1 1 3826 3823 INV
1 1 3786 3829 INV
1 1 4458 3833 INV
1 1 3826 3811 INV
1 1 3862 2840 INV
1 1 4458 3859 INV
2 1 75 3861 3860 AND
2 1 41 3862 3866 AND
2 1 3854 3857 3853 AND
1 1 3852 2835 INV
1 1 3852 2836 INV
1 1 4458 3883 INV
1 1 3826 2831 INV
1 1 3894 3888 INV
1 1 3877 3876 INV
1 1 3826 3871 INV
1 1 4458 3675 INV
1 1 3878 3673 INV
1 1 4451 3688 INV
1 1 3693 3686 INV
1 1 4454 3687 INV
2 1 3664 3681 3661 AND
1 1 3826 3660 INV
1 1 4451 3716 INV
1 1 3826 3722 INV
1 1 3699 3698 INV
1 1 4454 2850 INV
1 1 3695 3704 INV
2 1 2851 3702 3706 AND
1 1 881 3087 INV
1 1 4451 944 INV
1 1 950 945 INV
1 1 948 990 INV
1 1 4454 991 INV
1 1 988 987 INV
1 1 3826 1000 INV
1 1 3826 983 INV
1 1 981 3102 INV
1 1 4458 978 INV
2 1 52 979 980 AND
2 1 29 981 780 AND
2 1 767 30 766 AND
1 1 4458 764 INV
1 1 775 774 INV
1 1 4458 3099 INV
2 1 775 76 808 AND
2 1 811 57 812 AND
2 1 797 3096 796 AND
1 1 791 3097 INV
2 1 840 842 841 AND
2 1 843 18 835 AND
2 1 847 850 846 AND
2 1 845 18 861 AND
2 1 1139 1140 1142 AND
2 1 1143 18 3158 AND
1 1 791 3161 INV
2 1 1123 18 1166 AND
2 1 1159 1161 1160 AND
1 1 791 3156 INV
2 1 843 20 1147 AND
2 1 1153 1154 1157 AND
1 1 791 3183 INV
2 1 845 20 1201 AND
2 1 1180 3185 1179 AND
1 1 791 1185 INV
2 1 1143 20 1217 AND
2 1 1225 3179 1224 AND
1 1 791 3181 INV
2 1 1123 20 1212 AND
2 1 1024 1025 1210 AND
2 1 1027 4 1004 AND
2 1 1015 1016 3178 AND
2 1 1051 1052 1048 AND
2 1 1046 4 1059 AND
2 1 1035 4 1032 AND
2 1 1043 3173 1042 AND
2 1 1027 5 1088 AND
2 1 1069 1071 3140 AND
2 1 1073 1074 1076 AND
2 1 1046 5 1109 AND
2 1 1035 5 1093 AND
2 1 1101 1102 3137 AND
1 1 430 426 INV
2 1 437 3138 441 AND
1 1 415 409 INV
2 1 421 3 420 AND
1 1 3537 464 INV
1 1 3537 455 INV
1 1 3537 3152 INV
1 1 3537 512 INV
1 1 4665 501 INV
1 1 3537 326 INV
1 1 3537 312 INV
1 1 3537 347 INV
2 1 334 1 330 AND
1 1 338 371 INV
1 1 335 360 INV
1 1 334 358 INV
1 1 791 362 INV
2 1 395 18 408 AND
2 1 402 3211 405 AND
1 1 791 3204 INV
2 1 394 18 393 AND
2 1 669 670 390 AND
1 1 791 3208 INV
2 1 674 18 673 AND
2 1 652 653 655 AND
1 1 791 3202 INV
2 1 708 3294 702 AND
1 1 707 700 INV
1 1 3294 3226 INV
1 1 791 3224 INV
2 1 395 20 689 AND
2 1 723 724 726 AND
1 1 791 3223 INV
2 1 394 20 710 AND
2 1 715 717 716 AND
1 1 791 3219 INV
2 1 674 20 754 AND
2 1 737 3222 736 AND
1 1 791 3221 INV
1 1 551 548 INV
1 1 708 549 INV
1 1 551 529 INV
1 1 708 532 INV
2 1 537 20 536 AND
2 1 557 574 573 AND
1 1 421 3193 INV
2 1 602 603 606 AND
2 1 604 4 613 AND
2 1 589 591 590 AND
1 1 421 3192 INV
2 1 649 651 650 AND
1 1 421 3190 INV
1 1 616 627 INV
2 1 1752 1755 1751 AND
1 1 430 3191 INV
2 1 1745 1748 1747 AND
2 1 604 5 1744 AND
2 1 1787 1789 1788 AND
1 1 430 3187 INV
1 1 1762 1818 INV
1 1 430 1813 INV
2 1 1822 3199 1823 AND
1 1 791 3197 INV
1 1 3294 1792 INV
1 1 1809 1843 INV
2 1 1847 1848 1845 AND
1 1 791 3195 INV
2 1 1809 20 1640 AND
2 1 1650 1651 1648 AND
1 1 3321 1630 INV
1 1 1947 1946 INV
2 1 1972 54 1979 AND
2 1 1971 1973 1977 AND
2 1 55 2035 2031 AND
2 1 2036 2040 2038 AND
1 1 2014 2016 INV
1 1 3537 1856 INV
1 1 3537 1923 INV
1 1 1947 1347 INV
1 1 421 1389 INV
1 1 616 1390 INV
2 1 1393 4 1392 AND
2 1 1374 1376 1375 AND
1 1 3537 1418 INV
1 1 3537 1244 INV
1 1 3537 1260 INV
1 1 430 1265 INV
1 1 1762 1264 INV
2 1 1393 5 1297 AND
2 1 1279 1280 1282 AND
1 1 1324 1317 INV
1 1 3537 1539 INV
1 1 3387 1556 INV
1 1 3537 1598 INV
1 1 986 1599 INV
1 1 1608 1605 INV
1 1 1324 1433 INV
1 1 3835 2932 INV
1 1 1471 1466 INV
1 1 1470 1467 INV
1 1 1486 2933 INV
1 1 1498 1476 INV
2 1 1478 69 1482 AND
1 1 3664 3004 INV
1 1 1519 1517 INV
1 1 1505 2998 INV
1 1 1509 2989 INV
1 1 2526 2995 INV
1 1 2527 2985 INV
1 1 2524 2986 INV
1 1 2551 2563 INV
2 1 63 2547 2546 AND
1 1 2583 2580 INV
1 1 881 2586 INV
1 1 2568 2566 INV
1 1 2576 3006 INV
1 1 2469 2464 INV
1 1 948 2481 INV
2 1 950 2547 2472 AND
1 1 970 2473 INV
1 1 981 2499 INV
2 1 55 4675 2491 AND
2 1 55 4675 2518 AND
2 1 55 2505 2507 AND
2 1 2502 2503 2504 AND
1 1 3894 2692 INV
2 1 2696 2697 2977 AND
2 1 54 2678 2679 AND
2 1 2681 2682 2677 AND
2 1 2686 2688 2711 AND
1 1 2684 2712 INV
1 1 2684 2718 INV
1 1 1519 2700 INV
2 1 1478 84 2704 AND
1 1 2706 2705 INV
2 1 1478 73 2732 AND
1 1 2722 2721 INV
2 1 2697 73 2750 AND
1 1 3786 3036 INV
2 1 2697 71 2742 AND
2 1 1873 39 2605 AND
1 1 3786 2607 INV
1 1 4439 2591 INV
1 1 1471 2601 INV
1 1 1470 3053 INV
2 1 1478 69 2626 AND
1 1 2609 2623 INV
2 1 1478 69 2616 AND
1 1 2652 2649 INV
1 1 2643 2631 INV
2 1 54 2630 2639 AND
2 1 2697 3862 2638 AND
1 1 2652 2671 INV
1 1 2697 2675 INV
2 1 54 2660 2661 AND
2 1 2654 3022 2659 AND
1 1 2696 3023 INV
1 1 3878 2160 INV
2 1 2139 2140 2146 AND
1 1 4453 2184 INV
2 1 38 4460 2168 AND
1 1 4460 3021 INV
2 1 2165 4460 2162 AND
1 1 3695 2212 INV
1 1 2686 2210 INV
1 1 2684 3018 INV
2 1 2165 2684 2194 AND
1 1 3693 2203 INV
2 1 2240 2247 2235 AND
1 1 2196 2242 INV
2 1 2246 82 2243 AND
1 1 3664 2224 INV
1 1 2052 2053 INV
1 1 3826 3031 INV
1 1 2695 2058 INV
1 1 4451 2055 INV
2 1 2042 78 2041 AND
1 1 3852 3029 INV
2 1 2165 3852 2085 AND
1 1 3852 2079 INV
2 1 10 3852 2063 AND
1 1 3887 2064 INV
1 1 3786 3027 INV
2 1 2165 3786 2107 AND
1 1 3786 2102 INV
2 1 10 3786 2110 AND
1 1 3835 2111 INV
2 1 2165 3862 2100 AND
1 1 3862 3071 INV
1 1 3862 2126 INV
2 1 10 3862 2136 AND
1 1 3812 2137 INV
2 1 2165 4439 2121 AND
2 1 2246 69 2372 AND
2 1 10 4439 2368 AND
1 1 1498 2369 INV
1 1 4439 2377 INV
1 1 4451 2362 INV
1 1 4451 2386 INV
1 1 1608 2398 INV
2 1 1608 12 2393 AND
1 1 3826 2382 INV
2 1 2416 2430 2415 AND
1 1 2576 2425 INV
1 1 2576 2406 INV
1 1 4458 3078 INV
2 1 2576 76 2405 AND
2 1 2446 2447 2408 AND
1 1 2583 2442 INV
1 1 2583 2453 INV
1 1 4458 2451 INV
2 1 2583 76 2450 AND
2 1 948 2165 2440 AND
2 1 950 2246 2438 AND
1 1 950 2261 INV
1 1 948 2262 INV
1 1 2253 2249 INV
1 1 981 3061 INV
1 1 981 3060 INV
2 1 981 2165 2294 AND
1 1 775 3059 INV
2 1 775 2165 2282 AND
1 1 2318 2317 INV
1 1 2323 2304 INV
2 1 2301 147 2316 AND
1 1 4662 3057 INV
1 1 2323 2345 INV
1 1 2308 2341 INV
1 1 2351 2348 INV
1 1 2323 2328 INV
2 1 2301 168 2336 AND
1 1 4662 3066 INV
1 1 2323 2902 INV
2 1 2301 170 2900 AND
1 1 4662 2898 INV
1 1 2301 2887 INV
1 1 2301 2897 INV
2 1 2889 2913 3064 AND
1 1 2301 2910 INV
2 1 2909 2916 2908 AND
1 1 4670 2925 INV
1 1 4671 2926 INV
1 1 3300 3293 INV
1 1 3323 3331 INV
1 1 3404 3357 INV
1 1 3419 3543 INV
2 1 182 3593 3343 XOR
1 1 2842 3790 INV
1 1 3787 3778 INV
2 1 2840 3859 3802 AND
1 1 3860 3803 INV
2 1 2835 3851 3850 AND
2 1 2836 3883 3846 AND
2 1 3697 3698 3717 AND
2 1 2850 3704 3696 AND
2 1 978 3102 993 AND
1 1 980 994 INV
1 1 812 806 INV
1 1 835 834 INV
1 1 861 867 INV
1 1 3158 1146 INV
1 1 1059 1053 INV
1 1 1109 1079 INV
1 1 441 431 INV
2 1 687 3226 706 AND
1 1 536 540 INV
2 1 556 3193 570 AND
1 1 613 609 INV
2 1 601 3192 614 AND
2 1 645 3190 642 AND
2 1 627 628 3348 AND
2 1 1758 3191 631 AND
1 1 1744 1733 INV
2 1 1786 3187 1783 AND
2 1 1817 1818 3620 AND
1 1 1823 1820 INV
2 1 1792 1793 1130 AND
2 1 1629 1630 1169 AND
2 1 1389 1390 1029 AND
2 1 1264 1265 3420 AND
2 1 1556 1557 486 AND
1 1 911 1565 INV
2 1 1597 1598 1570 AND
1 1 1482 1480 INV
2 1 1504 2998 1506 XOR
2 1 1508 2989 1510 XOR
2 1 2525 2995 1511 XOR
2 1 2528 2985 2529 XOR
2 1 775 2986 2523 XOR
1 1 2546 2558 INV
1 1 2472 2484 INV
1 1 2518 2489 INV
1 1 2977 2691 INV
2 1 2720 2721 1363 AND
1 1 2750 1362 INV
1 1 2742 2746 INV
2 1 2601 3053 2687 AND
1 1 1479 2597 INV
1 1 2639 2641 INV
1 1 2638 2642 INV
2 1 2675 2676 2653 AND
2 1 2152 3023 2158 AND
1 1 2696 3889 INV
1 1 2168 4450 INV
2 1 2209 2210 2211 AND
1 1 2041 2043 INV
1 1 2393 2400 INV
2 1 2425 3075 2384 AND
2 1 2442 3074 2401 AND
1 1 2438 2437 INV
2 1 31 775 807 AND
1 1 2326 2319 INV
1 1 3064 2906 INV
1 1 2908 2891 INV
1 1 4662 2311 INV
1 1 2917 2754 INV
1 1 2924 2922 INV
2 1 167 2920 2921 AND
1 1 2921 4666 INV
2 1 2922 2923 4667 AND
2 1 2754 304 4673 XOR
2 1 2925 2926 4679 AND
2 1 100 3328 3327 AND
2 1 100 3370 3366 AND
2 1 3 3357 3354 AND
1 1 3352 3355 INV
1 1 3543 3538 INV
2 1 3620 181 3594 AND
1 1 3646 3645 INV
1 1 3656 3655 INV
2 1 4441 4444 4442 AND
1 1 4450 4443 INV
2 1 2869 4455 4457 AND
1 1 4431 4430 INV
2 1 2872 4435 4434 AND
1 1 3791 3792 INV
2 1 3788 77 3789 AND
1 1 3790 3799 INV
1 1 3778 2841 INV
2 1 77 3827 2843 AND
2 1 3822 3823 3825 AND
2 1 3829 3833 3828 AND
1 1 3802 3816 INV
2 1 3808 3811 3807 AND
2 1 77 3866 3865 AND
1 1 3846 3838 INV
1 1 3850 3841 INV
1 1 3853 3856 INV
2 1 2831 3881 3885 AND
2 1 77 3889 2830 AND
2 1 3871 3872 3868 AND
2 1 3673 3675 3674 AND
2 1 3686 3687 3683 AND
2 1 3658 3660 3659 AND
2 1 3722 3723 3721 AND
1 1 3696 2852 INV
1 1 3706 3705 INV
2 1 990 991 942 AND
2 1 944 945 947 AND
2 1 999 1000 996 AND
1 1 993 976 INV
2 1 982 983 985 AND
2 1 780 77 779 AND
1 1 766 765 INV
2 1 764 768 770 AND
2 1 774 3099 773 AND
1 1 808 810 INV
2 1 807 77 3094 AND
1 1 806 814 INV
1 1 796 795 INV
2 1 834 17 830 AND
1 1 841 831 INV
2 1 867 17 848 AND
1 1 846 849 INV
2 1 1146 17 1145 AND
1 1 1142 1141 INV
1 1 1166 1165 INV
1 1 1160 1164 INV
1 1 1147 1149 INV
1 1 1157 1156 INV
1 1 1201 1200 INV
1 1 1179 1182 INV
1 1 1217 1216 INV
1 1 1224 1227 INV
1 1 1212 1214 INV
1 1 1210 1209 INV
1 1 1004 1003 INV
1 1 3178 1002 INV
2 1 1053 3 1050 AND
1 1 1048 1047 INV
1 1 1032 1033 INV
1 1 1042 1045 INV
1 1 1088 1090 INV
1 1 3140 1086 INV
2 1 1079 6 1078 AND
1 1 1076 1075 INV
1 1 1093 1095 INV
1 1 3137 1091 INV
2 1 431 6 425 AND
2 1 426 427 429 AND
2 1 420 136 419 AND
2 1 464 467 463 AND
2 1 453 455 454 AND
2 1 476 3152 475 AND
2 1 512 513 515 AND
2 1 23 4679 510 AND
2 1 326 328 327 AND
2 1 310 312 311 AND
2 1 346 347 343 AND
1 1 330 333 INV
2 1 358 360 359 AND
1 1 408 407 INV
1 1 405 404 INV
1 1 393 392 INV
1 1 390 389 INV
1 1 673 672 INV
1 1 655 654 INV
1 1 702 701 INV
1 1 706 699 INV
1 1 689 688 INV
1 1 726 725 INV
1 1 710 709 INV
1 1 716 719 INV
1 1 754 753 INV
1 1 736 735 INV
2 1 549 550 547 AND
2 1 529 532 528 AND
1 1 570 578 INV
1 1 573 576 INV
2 1 609 3 608 AND
1 1 606 605 INV
1 1 614 597 INV
1 1 590 588 INV
1 1 642 639 INV
1 1 650 648 INV
1 1 631 622 INV
1 1 1751 1754 INV
2 1 1733 6 1749 AND
1 1 1747 1750 INV
1 1 1783 1774 INV
1 1 1788 1791 INV
2 1 1820 6 1814 AND
2 1 1813 1816 1812 AND
1 1 1845 1844 INV
1 1 1640 1642 INV
1 1 1648 1647 INV
1 1 1979 1978 INV
1 1 1977 1976 INV
1 1 2031 2030 INV
1 1 2038 2037 INV
2 1 1853 1856 1852 AND
2 1 1922 1923 1920 AND
2 1 1362 1363 2953 AND
1 1 1392 1391 INV
1 1 1375 1379 INV
2 1 1415 1418 1414 AND
2 1 1243 1244 1246 AND
2 1 1260 1263 1259 AND
1 1 1297 1300 INV
1 1 1282 1281 INV
2 1 1539 1542 1538 AND
2 1 120 1570 1569 AND
1 1 1565 1546 INV
2 1 1570 118 2927 AND
2 1 1466 1467 1469 AND
2 1 1479 1480 1475 AND
1 1 1511 2992 INV
1 1 2523 2987 INV
2 1 1362 1363 2533 AND
2 1 2562 2563 2560 AND
2 1 2579 2580 2582 AND
2 1 2572 3006 2571 AND
2 1 2463 2464 2466 AND
2 1 2481 2483 2482 AND
2 1 2458 2484 2962 AND
2 1 2499 2501 2500 AND
2 1 30 2489 2487 AND
2 1 2486 2491 2490 AND
2 1 2489 274 2981 AND
1 1 2507 2509 INV
1 1 2504 2508 INV
2 1 2689 2691 2973 AND
1 1 2679 2683 INV
1 1 2677 2680 INV
1 1 2687 2713 INV
1 1 2687 2719 INV
1 1 2704 2703 INV
1 1 2732 2731 INV
2 1 1362 2723 3038 AND
2 1 2739 3036 2741 AND
2 1 1873 2746 2744 AND
2 1 2606 2607 2603 AND
1 1 2597 2596 INV
1 1 2687 3052 INV
1 1 2626 2625 INV
1 1 2597 2628 INV
1 1 2616 2615 INV
1 1 2597 2614 INV
2 1 2642 2643 3046 AND
1 1 2653 3048 INV
2 1 2641 2642 2633 AND
1 1 2653 2670 INV
1 1 2661 2658 INV
1 1 2659 2662 INV
1 1 2158 2153 INV
1 1 2146 2145 INV
1 1 3889 2142 INV
1 1 4450 2182 INV
2 1 2167 3021 2166 AND
1 1 2162 2164 INV
1 1 2211 3017 INV
2 1 2217 3018 2219 AND
1 1 2194 2193 INV
1 1 2235 2238 INV
1 1 2243 2245 INV
2 1 2223 2224 2222 AND
2 1 2062 3031 2061 AND
2 1 2055 2056 2057 AND
2 1 2073 3029 2072 AND
1 1 2085 2084 INV
1 1 2063 2065 INV
2 1 2067 3027 2066 AND
1 1 2107 2106 INV
1 1 2110 2112 INV
1 1 2100 2099 INV
2 1 2093 3071 2095 AND
1 1 2136 2135 INV
1 1 2121 2123 INV
1 1 2372 2371 INV
1 1 2368 2370 INV
2 1 2361 2362 2364 AND
2 1 2386 2389 2388 AND
2 1 2395 2398 2394 AND
2 1 2381 2382 2379 AND
1 1 2384 3076 INV
1 1 2415 2418 INV
2 1 2406 3078 2427 AND
1 1 2405 2404 INV
1 1 2401 3077 INV
1 1 2408 2407 INV
2 1 2451 2453 2452 AND
1 1 2450 2449 INV
1 1 2440 2439 INV
2 1 2261 2266 2265 AND
2 1 2248 2249 2251 AND
2 1 2255 3060 2254 AND
1 1 2294 2293 INV
2 1 807 2253 3062 AND
2 1 807 2253 2280 AND
2 1 2286 3059 2285 AND
1 1 2282 2284 INV
1 1 2319 3058 INV
1 1 2316 2315 INV
2 1 2310 2311 2343 AND
2 1 2347 2348 2332 AND
1 1 2336 2337 INV
1 1 2900 2901 INV
2 1 2311 146 2905 AND
2 1 2311 2906 2903 AND
2 1 2887 3065 2885 AND
2 1 2311 2906 2892 AND
2 1 2895 2897 2896 AND
2 1 2311 2891 2888 AND
2 1 2910 2912 2911 AND
1 1 3327 3287 INV
1 1 3366 3316 INV
1 1 3343 3585 INV
2 1 4430 4433 4461 AND
2 1 2870 3792 4438 AND
1 1 3789 4426 INV
2 1 188 3799 4427 XOR
2 1 2841 3777 3797 AND
2 1 189 3778 3798 AND
1 1 2843 3795 INV
1 1 3865 3858 INV
1 1 3717 3708 INV
2 1 2852 186 3670 XOR
1 1 779 781 INV
2 1 809 810 777 AND
1 1 3094 761 INV
2 1 210 814 762 XOR
1 1 419 422 INV
2 1 331 333 353 AND
1 1 1130 3311 INV
2 1 547 548 541 AND
1 1 3348 3377 INV
1 1 3620 3590 INV
1 1 1169 3325 INV
2 1 1976 1978 1966 AND
2 1 2030 2037 2033 AND
1 1 2953 1332 INV
1 1 1029 3368 INV
1 1 3420 3534 INV
1 1 486 3700 INV
1 1 2927 1564 INV
2 1 1510 2992 1507 XOR
2 1 2522 2987 2530 XOR
2 1 2557 2558 3963 AND
1 1 2962 2034 INV
1 1 2487 2494 INV
1 1 2490 1998 INV
1 1 2981 1999 INV
2 1 2508 2509 2520 AND
1 1 2973 2510 INV
2 1 2680 2683 2694 AND
2 1 2703 2705 1988 AND
1 1 1363 2733 INV
1 1 3038 2006 INV
2 1 2591 3052 2598 AND
2 1 2614 2615 2608 AND
2 1 2658 2662 2674 AND
2 1 2163 2164 2190 AND
2 1 296 3017 3668 XOR
2 1 2192 2193 2220 AND
2 1 2244 2245 2197 AND
1 1 2222 3692 INV
2 1 2057 2058 2233 AND
2 1 289 2043 2231 XOR
2 1 2084 3025 2077 AND
2 1 2064 2065 2082 AND
2 1 2106 3028 2071 AND
2 1 2111 2112 2105 AND
2 1 2135 2137 2129 AND
2 1 2371 3068 2113 AND
2 1 2369 2370 2130 AND
2 1 2403 2404 2429 AND
2 1 2448 2449 2445 AND
2 1 2439 2441 2436 AND
2 1 2293 2295 2259 AND
2 1 297 3062 2291 AND
2 1 2283 2284 2279 AND
2 1 2317 3058 2151 AND
2 1 2315 3057 2322 AND
2 1 2337 3066 2329 AND
2 1 2898 2901 2335 AND
1 1 2905 4655 INV
2 1 2311 113 2907 AND
1 1 2907 4663 INV
1 1 3311 2761 INV
2 1 3287 3288 3299 AND
1 1 3287 3295 INV
1 1 3325 2759 INV
2 1 3316 179 3315 AND
1 1 3316 3320 INV
1 1 3368 3363 INV
1 1 3377 3376 INV
2 1 3354 3355 3351 AND
1 1 3534 3533 INV
1 1 3590 3589 INV
1 1 3585 2767 INV
1 1 3585 3599 INV
2 1 3655 6 3654 AND
2 1 4440 4443 4446 AND
1 1 4442 4447 INV
1 1 4457 4456 INV
1 1 4434 4437 INV
1 1 3797 3780 INV
1 1 3798 3783 INV
1 1 3825 3824 INV
1 1 3828 3831 INV
1 1 3807 3810 INV
2 1 40 3856 3855 AND
1 1 3885 3884 INV
1 1 2830 3875 INV
1 1 3868 3867 INV
1 1 3674 3680 INV
1 1 3683 3682 INV
1 1 3692 3689 INV
1 1 3659 3662 INV
1 1 3668 3715 INV
1 1 3721 3720 INV
1 1 3708 3725 INV
2 1 1 3705 3707 AND
1 1 3700 3749 INV
1 1 942 941 INV
1 1 947 946 INV
1 1 996 995 INV
1 1 985 984 INV
1 1 781 778 INV
1 1 770 769 INV
1 1 773 772 INV
2 1 795 1 794 AND
1 1 3311 829 INV
2 1 830 831 832 AND
1 1 3311 3164 INV
2 1 848 849 852 AND
1 1 3311 1131 INV
2 1 1141 1145 1144 AND
2 1 1164 17 1163 AND
2 1 1156 19 1158 AND
2 1 1182 19 1181 AND
2 1 1227 19 1226 AND
2 1 1209 19 1211 AND
1 1 3377 1020 INV
2 1 1002 3 1001 AND
1 1 3368 1012 INV
1 1 3377 1005 INV
2 1 1047 1050 1049 AND
1 1 3377 1058 INV
2 1 1045 3 1044 AND
1 1 3590 1084 INV
2 1 1086 6 1087 AND
1 1 3534 1068 INV
1 1 3590 1080 INV
2 1 1075 1078 1077 AND
1 1 3590 1105 INV
2 1 1091 6 1092 AND
1 1 3590 435 INV
1 1 3534 436 INV
1 1 429 428 INV
1 1 3377 3139 INV
1 1 422 418 INV
1 1 3700 3136 INV
1 1 463 466 INV
1 1 454 451 INV
1 1 475 478 INV
1 1 3700 484 INV
1 1 515 514 INV
1 1 3700 524 INV
2 1 79 510 498 AND
1 1 327 325 INV
1 1 311 308 INV
1 1 343 342 INV
1 1 359 373 INV
2 1 404 17 406 AND
2 1 389 17 391 AND
2 1 654 17 657 AND
1 1 3311 663 INV
2 1 699 700 705 AND
2 1 725 19 722 AND
2 1 719 19 718 AND
2 1 735 19 734 AND
1 1 541 553 INV
1 1 528 531 INV
1 1 3368 583 INV
2 1 576 3 575 AND
1 1 3377 564 INV
1 1 3368 559 INV
2 1 605 608 607 AND
1 1 3368 598 INV
2 1 588 3 587 AND
1 1 3368 637 INV
2 1 648 3 647 AND
1 1 3534 617 INV
2 1 1754 6 1753 AND
1 1 3590 1734 INV
1 1 3534 1739 INV
2 1 1749 1750 1746 AND
1 1 3534 1775 INV
2 1 1791 6 1790 AND
1 1 3534 1768 INV
1 1 3590 1769 INV
1 1 1812 1815 INV
2 1 1844 17 1846 AND
2 1 1647 19 1649 AND
1 1 3325 1644 INV
1 1 2006 3271 INV
2 1 1998 1999 3245 AND
1 1 1852 1855 INV
1 1 3700 1850 INV
1 1 3700 1914 INV
1 1 1920 1919 INV
1 1 3368 1355 INV
2 1 1379 3 1378 AND
1 1 1414 1417 INV
1 1 3700 1412 INV
1 1 1246 1245 INV
1 1 3700 1252 INV
1 1 1259 1262 INV
1 1 3534 1267 INV
2 1 1281 6 1283 AND
1 1 1538 1541 INV
1 1 3700 1562 INV
1 1 1569 1568 INV
1 1 3700 1548 INV
2 1 1998 1999 1607 AND
1 1 1469 1468 INV
1 1 1475 1477 INV
1 1 1988 1518 INV
1 1 1507 3001 INV
1 1 2530 2984 INV
1 1 2533 2532 INV
2 1 2006 40 2535 AND
1 1 2560 2559 INV
1 1 2582 2581 INV
1 1 2571 2574 INV
1 1 2466 2465 INV
2 1 986 2034 2461 AND
1 1 2482 2480 INV
2 1 986 2034 2485 AND
1 1 2500 2498 INV
2 1 1998 1999 2980 AND
1 1 2520 2506 INV
1 1 2510 2974 INV
2 1 2712 2713 2709 AND
2 1 2718 2719 2716 AND
2 1 1519 1988 3042 AND
1 1 1988 2698 INV
1 1 2733 2729 INV
2 1 2006 40 3041 AND
1 1 2741 2740 INV
1 1 2744 2743 INV
1 1 2603 2602 INV
2 1 2608 2609 2599 AND
1 1 2598 2594 INV
2 1 2628 2629 2627 AND
1 1 2608 2624 INV
2 1 2641 3046 2640 AND
2 1 2649 3048 2648 AND
1 1 2633 2632 INV
2 1 2670 2671 2672 AND
1 1 2151 2161 INV
2 1 2141 2142 2148 AND
2 1 2182 2183 2179 AND
1 1 2151 2185 INV
1 1 2166 2170 INV
1 1 3668 2215 INV
1 1 2151 2213 INV
1 1 2219 2218 INV
1 1 2151 2195 INV
1 1 2197 2239 INV
1 1 3692 3034 INV
1 1 2233 2227 INV
1 1 2231 2228 INV
1 1 2061 2060 INV
1 1 2072 2075 INV
1 1 2066 2069 INV
1 1 2095 2094 INV
1 1 2113 2124 INV
2 1 2113 292 2119 AND
1 1 2364 2363 INV
1 1 2388 2391 INV
1 1 2394 2397 INV
1 1 2379 2378 INV
2 1 2418 33 2417 AND
1 1 2427 2426 INV
2 1 2407 32 2409 AND
1 1 2452 2444 INV
2 1 2436 2437 2432 AND
1 1 2265 2268 INV
1 1 2151 2260 INV
1 1 2251 2250 INV
1 1 2254 2257 INV
1 1 2291 2297 INV
1 1 2280 2296 INV
1 1 2285 2278 INV
2 1 2306 2322 2303 AND
1 1 2343 2346 INV
1 1 2332 2350 INV
2 1 2329 2331 2327 AND
2 1 2335 2338 2334 AND
1 1 2885 2886 INV
1 1 2896 2893 INV
1 1 2911 2890 INV
1 1 3299 3292 INV
1 1 3315 3318 INV
1 1 3351 3372 INV
1 1 3654 3648 INV
2 1 191 3858 3801 XOR
1 1 3855 3848 INV
2 1 3875 3876 3893 AND
2 1 3708 187 3667 AND
1 1 3707 3653 INV
2 1 778 212 992 XOR
2 1 765 769 783 AND
1 1 794 813 INV
1 1 832 803 INV
1 1 852 865 INV
1 1 1144 1136 INV
1 1 1163 1124 INV
1 1 1158 1150 INV
1 1 1181 1202 INV
1 1 1226 1219 INV
1 1 1211 1203 INV
1 1 1001 1028 INV
1 1 1049 1017 INV
1 1 1044 1034 INV
1 1 1087 1083 INV
1 1 1077 1072 INV
1 1 1092 1110 INV
2 1 418 229 417 XOR
1 1 498 503 INV
1 1 406 398 INV
1 1 391 383 INV
1 1 657 675 INV
2 1 701 705 697 AND
1 1 722 691 INV
1 1 718 711 INV
1 1 734 758 INV
1 1 575 569 INV
1 1 607 554 INV
1 1 587 612 INV
1 1 647 644 INV
1 1 1753 630 INV
1 1 1746 1757 INV
1 1 1790 1785 INV
1 1 1846 1807 INV
1 1 1649 1831 INV
1 1 3963 3994 INV
1 1 3245 2000 INV
1 1 1378 1394 INV
1 1 1283 1301 INV
2 1 1476 1477 4382 AND
2 1 1517 1518 1695 AND
2 1 1506 3001 4643 XOR
2 1 2529 2984 4644 XOR
1 1 2485 2478 INV
2 1 2506 275 2039 XOR
2 1 2693 2974 1962 AND
1 1 2510 2003 INV
2 1 279 2694 1970 XOR
1 1 3042 4486 INV
2 1 2729 2731 4411 AND
1 1 3041 1905 INV
2 1 2743 2745 1500 AND
1 1 2599 2002 INV
2 1 2625 2627 2621 AND
2 1 2623 2624 2622 AND
1 1 2640 1990 INV
2 1 2631 2632 2647 AND
2 1 2672 2673 2646 AND
2 1 2674 284 1967 XOR
2 1 2160 2161 2663 AND
2 1 2196 2197 2207 AND
2 1 2120 2124 2116 AND
1 1 2417 2423 INV
1 1 2409 2414 INV
2 1 2281 2296 2292 AND
1 1 2151 2083 INV
2 1 3295 3297 3296 AND
2 1 2760 3320 3322 AND
1 1 3648 3647 INV
1 1 4486 4479 INV
1 1 4411 4423 INV
1 1 4446 4449 INV
2 1 4456 4461 4459 AND
2 1 4437 4438 4436 AND
2 1 3780 3783 3779 AND
2 1 3831 3835 3830 AND
2 1 3801 3803 3813 AND
2 1 3810 3812 3809 AND
1 1 3848 3843 INV
2 1 3884 3887 3886 AND
1 1 3893 2832 INV
2 1 3680 3894 3679 AND
2 1 3688 3689 3685 AND
2 1 3661 3662 3663 AND
2 1 3715 3716 3712 AND
1 1 3667 3713 INV
2 1 3724 3725 3719 AND
2 1 941 946 943 AND
2 1 986 995 997 AND
2 1 992 994 974 AND
2 1 970 984 969 AND
2 1 772 777 771 AND
1 1 1124 3160 INV
1 1 1150 1148 INV
1 1 1202 1199 INV
1 1 1219 1215 INV
1 1 1203 1213 INV
1 1 1028 3177 INV
1 1 1034 3170 INV
1 1 1083 1089 INV
1 1 1110 1094 INV
2 1 425 428 424 AND
1 1 417 410 INV
2 1 478 3387 477 AND
1 1 4643 520 INV
1 1 4644 499 INV
1 1 503 3148 INV
2 1 325 3387 324 AND
2 1 342 3387 344 AND
2 1 338 373 372 AND
1 1 398 3210 INV
1 1 383 3203 INV
1 1 675 3207 INV
1 1 697 694 INV
1 1 691 690 INV
1 1 711 720 INV
1 1 758 755 INV
2 1 531 235 530 AND
1 1 569 577 INV
1 1 612 596 INV
1 1 644 638 INV
1 1 630 621 INV
1 1 1785 1773 INV
2 1 1814 1815 1819 AND
1 1 1807 1842 INV
1 1 1831 1641 INV
1 1 1695 1726 INV
1 1 1962 1956 INV
1 1 1970 3279 INV
1 1 1967 1980 INV
1 1 2000 3243 INV
1 1 2039 3239 INV
1 1 4382 1860 INV
2 1 1855 3387 1854 AND
1 1 4411 1901 INV
2 1 1919 3387 1921 AND
2 1 1327 4382 1338 AND
2 1 1332 1905 2952 AND
1 1 1905 2954 INV
1 1 1394 2951 INV
2 1 1417 3387 1416 AND
2 1 1245 3387 1247 AND
1 1 1301 1298 INV
1 1 1607 1606 INV
2 1 1468 71 1465 AND
1 1 1500 1496 INV
2 1 1967 3664 1485 AND
1 1 1967 1512 INV
2 1 36 1970 3000 AND
1 1 2535 2534 INV
1 1 1967 3016 INV
2 1 2553 2559 2561 AND
2 1 2581 2584 2578 AND
2 1 2574 277 2573 AND
2 1 2465 2470 2468 AND
2 1 2454 2461 2460 AND
2 1 2458 2480 2479 AND
2 1 273 2478 2967 AND
2 1 2492 2498 2497 AND
2 1 1608 2980 2488 AND
2 1 31 2039 2517 AND
1 1 2039 2978 INV
1 1 1962 2511 INV
1 1 2003 2690 INV
1 1 1970 2975 INV
1 1 2709 2708 INV
1 1 2716 2715 INV
2 1 2698 2700 2699 AND
1 1 4411 3040 INV
2 1 1873 2740 2738 AND
1 1 1500 2735 INV
2 1 2602 2605 2604 AND
2 1 2594 2596 2595 AND
1 1 2621 3054 INV
1 1 2622 2617 INV
1 1 2648 2651 INV
1 1 2647 2635 INV
1 1 2646 3049 INV
1 1 1967 3043 INV
1 1 2663 2154 INV
1 1 2148 2147 INV
2 1 2184 2185 2181 AND
1 1 2179 2178 INV
2 1 2170 2190 2169 AND
2 1 2214 2215 2176 AND
2 1 2212 2213 2174 AND
2 1 2218 2220 2216 AND
2 1 2195 2203 2204 AND
1 1 2207 2205 INV
2 1 2239 2242 2241 AND
2 1 2225 3034 2226 AND
2 1 2060 2695 2059 AND
2 1 2075 2077 2074 AND
1 1 2083 3026 INV
2 1 2069 2071 2068 AND
1 1 2083 3070 INV
2 1 2094 3812 2092 AND
1 1 2083 3069 INV
1 1 2119 2122 INV
1 1 2083 2376 INV
2 1 2363 2366 2365 AND
2 1 2391 2392 2390 AND
2 1 2397 2400 2396 AND
2 1 2378 2383 2380 AND
1 1 2423 2419 INV
2 1 2426 2429 2428 AND
1 1 2414 2411 INV
2 1 2444 2445 2443 AND
1 1 2432 2434 INV
2 1 2260 2262 2267 AND
2 1 29 2250 2252 AND
1 1 2083 2258 INV
2 1 2257 2259 2256 AND
1 1 2292 2298 INV
2 1 2278 2279 2277 AND
2 1 31 2083 2321 AND
1 1 2303 2307 INV
2 1 2311 2350 2349 AND
1 1 2327 2330 INV
1 1 2334 2333 INV
2 1 2886 2903 2904 AND
2 1 2892 2893 2894 AND
2 1 2888 2890 2914 AND
1 1 3296 3291 INV
1 1 3322 3332 INV
2 1 3645 3647 3583 AND
1 1 4382 4422 INV
1 1 4459 4452 INV
1 1 4436 4428 INV
1 1 3830 3819 INV
1 1 3809 3800 INV
1 1 3886 3847 INV
1 1 3679 3880 INV
1 1 3663 3672 INV
1 1 943 936 INV
1 1 997 989 INV
1 1 969 977 INV
1 1 771 759 INV
2 1 207 813 910 XOR
2 1 1165 3160 1129 AND
2 1 1148 1149 1168 AND
2 1 1199 1200 1193 AND
2 1 1215 1216 1184 AND
2 1 1213 1214 1206 AND
2 1 1003 3177 1031 AND
2 1 1033 3170 1054 AND
2 1 1089 1090 1085 AND
2 1 1094 1095 1114 AND
1 1 424 1103 INV
1 1 477 494 INV
1 1 324 320 INV
1 1 344 317 INV
1 1 372 378 INV
2 1 407 3210 401 AND
2 1 392 3203 387 AND
2 1 672 3207 679 AND
2 1 688 690 682 AND
2 1 709 720 728 AND
2 1 753 755 749 AND
1 1 530 546 INV
1 1 1819 1760 INV
2 1 1641 1642 1835 AND
2 1 248 3279 1987 XOR
2 1 1966 1980 1968 XOR
2 1 3243 3963 1995 XOR
2 1 2034 3239 2032 XOR
1 1 1854 1867 INV
1 1 1921 1939 INV
1 1 2952 3428 INV
2 1 1391 2951 1388 AND
1 1 1416 1383 INV
1 1 1247 1408 INV
2 1 1298 1300 1295 AND
2 1 1605 1606 1240 AND
1 1 1465 1874 INV
1 1 1962 1516 INV
1 1 3000 1585 INV
2 1 2532 2534 3504 AND
2 1 3016 3664 3449 XOR
1 1 2561 903 INV
1 1 2578 1993 INV
1 1 2573 2567 INV
1 1 2468 4081 INV
1 1 2460 1611 INV
1 1 2479 1272 INV
1 1 2967 1610 INV
1 1 2497 1996 INV
1 1 2488 2495 INV
1 1 2517 1620 INV
2 1 2521 2978 1617 AND
2 1 2690 2692 1964 AND
2 1 2695 2975 4218 XOR
1 1 2699 4198 INV
1 1 1905 1464 INV
1 1 2738 2005 INV
1 1 2604 4412 INV
2 1 37 3043 3490 XOR
1 1 2169 2189 INV
1 1 2216 2177 INV
1 1 2226 2191 INV
1 1 2059 2054 INV
1 1 2074 2044 INV
1 1 2068 2026 INV
1 1 2092 2089 INV
1 1 2116 2132 INV
2 1 2122 2123 2133 AND
2 1 2376 2377 2367 AND
1 1 2365 966 INV
1 1 2390 917 INV
1 1 2396 1405 INV
1 1 2380 916 INV
1 1 2428 2385 INV
1 1 2443 2402 INV
1 1 2252 2273 INV
2 1 2258 3061 2274 AND
1 1 2256 2276 INV
1 1 2277 2289 INV
2 1 2304 2307 4651 AND
1 1 2349 2309 INV
2 1 2328 2330 4653 AND
2 1 2333 2902 4654 AND
1 1 2904 4656 INV
1 1 2894 4657 INV
1 1 2914 4658 INV
2 1 3291 3292 3290 AND
2 1 3318 3332 3317 AND
1 1 3583 2764 INV
1 1 3490 2819 INV
1 1 3449 2823 INV
1 1 4218 4206 INV
2 1 4449 4452 4448 AND
2 1 4427 4428 2871 AND
1 1 3779 3782 INV
2 1 3819 190 2838 AND
1 1 3819 3834 INV
1 1 3800 3818 INV
2 1 3841 3843 3839 AND
1 1 3847 3842 INV
2 1 2832 3888 3892 AND
2 1 185 3880 2833 AND
1 1 3880 3678 INV
1 1 3685 3684 INV
1 1 3712 3711 INV
1 1 3719 3718 INV
2 1 4081 4084 4093 AND
1 1 910 907 INV
1 1 917 3083 INV
2 1 28 936 3106 AND
1 1 989 3101 INV
1 1 977 975 INV
1 1 966 786 INV
2 1 759 762 3100 AND
1 1 1129 1125 INV
1 1 1168 3157 INV
1 1 1193 3184 INV
1 1 1184 3180 INV
1 1 1206 3182 INV
1 1 1031 3176 INV
1 1 1054 3169 INV
1 1 1085 3172 INV
1 1 1114 1112 INV
2 1 409 410 414 AND
1 1 494 3154 INV
2 1 499 3148 500 AND
1 1 320 3151 INV
2 1 917 3537 316 AND
1 1 317 3145 INV
1 1 916 3143 INV
1 1 903 3213 INV
1 1 378 377 INV
1 1 401 3212 INV
1 1 387 3205 INV
1 1 679 3206 INV
1 1 682 3225 INV
1 1 728 712 INV
1 1 749 3218 INV
2 1 546 3321 533 AND
2 1 577 578 586 AND
2 1 596 597 593 AND
2 1 638 639 635 AND
2 1 621 622 620 AND
2 1 1773 1774 1780 AND
2 1 1842 1843 1801 AND
1 1 1835 1832 INV
1 1 3449 1984 INV
1 1 1987 3277 INV
1 1 1996 3273 INV
1 1 1995 3244 INV
1 1 2032 2029 INV
1 1 1867 3232 INV
1 1 3504 1859 INV
2 1 1873 1874 1872 AND
1 1 1939 3251 INV
1 1 3428 1331 INV
1 1 1388 1396 INV
1 1 1383 2945 INV
2 1 1405 3537 1404 AND
1 1 1408 2944 INV
1 1 1240 1237 INV
1 1 1295 1294 INV
1 1 966 1549 INV
1 1 4081 1555 INV
1 1 1617 1616 INV
1 1 1240 1622 INV
2 1 1610 1611 2939 AND
1 1 903 1442 INV
1 1 3449 2936 INV
1 1 1464 1459 INV
2 1 1873 1874 1473 AND
2 1 3504 4382 1491 AND
1 1 1485 1484 INV
2 1 1512 3004 1481 AND
1 1 1964 1513 INV
1 1 3449 2541 INV
1 1 903 2552 INV
2 1 1993 32 3008 AND
1 1 1993 2585 INV
2 1 2567 2569 2565 AND
1 1 4081 2968 INV
2 1 1610 1611 2970 AND
2 1 2494 2495 2961 AND
1 1 1964 2979 INV
2 1 2708 2711 2710 AND
2 1 2688 2715 2717 AND
1 1 1464 2730 INV
2 1 2005 3835 2751 AND
1 1 2595 2593 INV
2 1 2617 3054 2620 AND
2 1 2651 287 2650 AND
2 1 2635 3049 2637 AND
2 1 2153 2154 2156 AND
2 1 2147 3894 2144 AND
1 1 2181 2180 INV
1 1 2176 2175 INV
1 1 2174 2173 INV
1 1 2204 2199 INV
1 1 2241 2236 INV
1 1 2054 3033 INV
2 1 2079 3026 2078 AND
2 1 2102 3070 2101 AND
1 1 2089 3072 INV
2 1 2089 291 2097 AND
2 1 2126 3069 2125 AND
2 1 2132 2133 2118 AND
2 1 917 966 2354 AND
2 1 2419 3076 2421 AND
2 1 2411 3077 2410 AND
1 1 2267 2264 INV
1 1 2273 2272 INV
1 1 2274 3073 INV
2 1 2297 2298 2300 AND
2 1 57 2321 2320 AND
2 1 2308 2309 2342 AND
1 1 2309 2352 INV
1 1 2838 3784 INV
1 1 2833 3874 INV
1 1 903 4000 INV
2 1 916 3083 919 XOR
2 1 987 3101 937 AND
2 1 1125 228 1117 XOR
2 1 117 3213 329 XOR
1 1 533 542 INV
1 1 1964 1960 INV
2 1 1988 3277 1983 XOR
2 1 2005 3271 1974 XOR
2 1 250 3273 2007 XOR
2 1 249 4081 2008 XOR
2 1 903 1993 1994 XOR
2 1 2029 2033 1997 XOR
2 1 1859 252 1851 XOR
1 1 1872 1887 INV
2 1 1555 1559 1634 XOR
1 1 4081 4052 INV
1 1 1481 1457 INV
1 1 4218 4299 INV
2 1 2552 278 4007 XOR
1 1 3008 1652 INV
1 1 1272 1419 INV
1 1 1996 2475 INV
1 1 2961 3732 INV
1 1 1617 2519 INV
2 1 2511 2979 4283 AND
1 1 2710 1954 INV
1 1 2717 1989 INV
2 1 4198 4486 2714 AND
2 1 2730 3040 3455 AND
1 1 2751 1487 INV
1 1 4412 1501 INV
1 1 2650 1992 INV
2 1 2053 3033 2232 AND
1 1 2367 2131 INV
1 1 916 357 INV
1 1 2320 2290 INV
2 1 3290 3293 3289 AND
2 1 3317 3331 3319 AND
1 1 4283 2781 INV
1 1 4299 2775 INV
1 1 4283 4215 INV
1 1 4283 4223 INV
1 1 3455 4464 INV
2 1 4447 4448 4445 AND
2 1 2871 4426 4425 AND
2 1 2839 3834 3836 AND
2 1 3816 3818 3817 AND
1 1 3839 3845 INV
2 1 3838 3842 3837 AND
1 1 3892 3891 INV
2 1 2834 3678 3879 AND
2 1 3672 3684 3691 AND
2 1 3670 3711 3666 AND
2 1 3718 3720 3726 AND
1 1 4052 4048 INV
2 1 222 4052 3920 AND
1 1 4052 3902 INV
1 1 3732 3935 INV
1 1 4007 3999 INV
1 1 4000 902 INV
1 1 3106 951 INV
1 1 937 949 INV
2 1 975 976 972 AND
2 1 761 3100 776 AND
1 1 1117 1126 INV
2 1 500 501 502 AND
1 1 316 315 INV
2 1 350 3143 349 AND
2 1 329 335 370 AND
1 1 357 3209 INV
1 1 542 3217 INV
1 1 586 585 INV
1 1 593 592 INV
1 1 635 634 INV
1 1 620 619 INV
1 1 1780 1779 INV
1 1 1801 1800 INV
1 1 4283 3261 INV
1 1 4299 1961 INV
2 1 1954 4486 1965 AND
1 1 1983 3285 INV
2 1 1990 1992 3278 AND
1 1 1989 3276 INV
1 1 2008 3272 INV
1 1 1997 3246 INV
2 1 1887 3835 3231 AND
2 1 986 1419 1399 AND
1 1 1404 1403 INV
2 1 1559 4052 1571 AND
2 1 1546 1549 1547 AND
1 1 1634 1545 INV
1 1 4299 1577 INV
1 1 1419 1600 INV
2 1 986 2939 1609 AND
1 1 1652 2934 INV
1 1 4299 1426 INV
1 1 1473 1472 INV
2 1 1487 4412 1502 AND
1 1 1501 1497 INV
2 1 1695 1954 2997 AND
2 1 2585 3009 2548 AND
1 1 2565 2564 INV
2 1 28 1419 2459 AND
1 1 2475 2474 INV
2 1 970 2475 2493 AND
2 1 4218 4283 2512 AND
2 1 1989 34 2707 AND
1 1 2714 2972 INV
2 1 1487 4412 2753 AND
1 1 1501 3037 INV
2 1 2593 282 2592 AND
1 1 2620 2619 INV
2 1 1992 41 3045 AND
1 1 2637 2636 INV
1 1 2156 2155 INV
2 1 2144 2145 2143 AND
2 1 2180 2189 2188 AND
2 1 2175 2177 2172 AND
2 1 2236 2238 2237 AND
1 1 2232 3032 INV
1 1 2078 2081 INV
1 1 2101 2104 INV
2 1 2098 3072 2086 AND
1 1 2097 2096 INV
1 1 2125 2128 INV
1 1 2118 2117 INV
2 1 2130 2131 2115 AND
2 1 357 1405 2353 AND
1 1 2421 2420 INV
1 1 2410 2413 INV
2 1 2264 2268 2263 AND
2 1 2272 3073 2271 AND
2 1 2289 2290 2288 AND
1 1 2300 2299 INV
1 1 2342 2344 INV
2 1 2341 2352 2340 AND
1 1 3289 3304 INV
1 1 3319 3335 INV
1 1 4445 4405 INV
1 1 4425 4429 INV
1 1 3836 3785 INV
1 1 3879 3873 INV
1 1 3726 3669 INV
2 1 949 951 939 AND
1 1 776 763 INV
1 1 502 527 INV
2 1 315 3145 860 AND
2 1 356 3209 379 AND
1 1 1634 1635 INV
1 1 1965 4208 INV
1 1 3278 1991 INV
2 1 247 3276 1982 XOR
2 1 2007 3272 2009 XOR
2 1 1994 3244 2010 XOR
1 1 3231 4413 INV
1 1 1399 3916 INV
2 1 1403 2944 1402 AND
1 1 1571 1560 INV
1 1 1609 4097 INV
2 1 268 2934 888 XOR
2 1 1472 2932 1885 AND
1 1 2997 4192 INV
1 1 2548 1653 INV
2 1 2564 2566 880 AND
1 1 2459 2456 INV
2 1 2473 2474 3917 AND
1 1 2493 3915 INV
1 1 3732 3764 INV
2 1 1620 2519 4024 AND
1 1 2707 4197 INV
2 1 280 2972 4145 XOR
1 1 3455 3526 INV
1 1 2592 2001 INV
1 1 2143 2665 INV
1 1 2237 2208 INV
2 1 2096 2099 2091 AND
1 1 2263 2435 INV
2 1 2344 2346 2314 AND
1 1 2340 2313 INV
1 1 3304 2762 INV
1 1 3335 2758 INV
2 1 4145 4146 4124 AND
2 1 4197 4198 4177 AND
2 1 4208 206 2784 AND
1 1 4208 4478 INV
2 1 4412 4413 2879 AND
2 1 3784 3785 3821 AND
1 1 3817 3814 INV
1 1 3837 3840 INV
2 1 3873 3874 3870 AND
2 1 3682 3691 3690 AND
1 1 3669 3714 INV
1 1 4024 3117 INV
2 1 3915 4081 3911 AND
1 1 3916 3910 INV
1 1 3917 3131 INV
1 1 3915 3958 INV
1 1 4097 3959 INV
1 1 888 887 INV
1 1 880 923 INV
1 1 972 971 INV
1 1 763 760 INV
1 1 860 855 INV
1 1 860 1178 INV
1 1 527 523 INV
1 1 860 3144 INV
1 1 349 352 INV
1 1 370 369 INV
1 1 379 3215 INV
2 1 553 3217 552 AND
1 1 1635 1631 INV
2 1 1652 1653 3266 AND
2 1 2001 2002 3269 AND
1 1 2010 3275 INV
2 1 253 1885 3229 AND
1 1 1885 3227 INV
2 1 4412 4413 3230 AND
2 1 1885 3504 1365 AND
1 1 1402 1398 INV
2 1 1272 3915 1277 AND
2 1 3764 4081 2959 AND
1 1 880 1314 INV
2 1 1545 1548 1551 AND
1 1 1547 1552 INV
2 1 1599 1600 1602 AND
1 1 880 1432 INV
1 1 1502 1503 INV
2 1 1497 3002 1499 AND
2 1 4192 4197 2996 AND
1 1 880 2587 INV
2 1 880 1324 2570 AND
2 1 2456 2970 2455 AND
1 1 3917 2476 INV
2 1 1954 4197 2685 AND
1 1 3526 2725 INV
2 1 1486 2753 2752 AND
2 1 2735 3037 2734 AND
2 1 2001 2002 2612 AND
2 1 2619 43 2618 AND
2 1 1990 3045 2645 AND
2 1 2636 3812 2634 AND
2 1 2155 35 2159 AND
2 1 2178 2188 2187 AND
2 1 2172 2173 2171 AND
1 1 2208 2202 INV
2 1 2228 3032 2230 AND
2 1 2081 2082 2080 AND
2 1 2104 2105 2103 AND
1 1 2086 2088 INV
2 1 2128 2129 2127 AND
1 1 2115 2114 INV
2 1 2353 2354 2355 AND
2 1 2385 2420 2424 AND
2 1 2402 2413 2412 AND
2 1 28 2435 2431 AND
1 1 2271 2270 INV
2 1 2288 2299 2287 AND
2 1 2313 2314 3056 AND
1 1 4177 4193 INV
1 1 4197 4487 INV
1 1 3690 3676 INV
2 1 923 3087 3986 AND
2 1 760 209 785 XOR
2 1 369 371 339 AND
1 1 3266 3990 INV
1 1 4145 4170 INV
2 1 4197 4208 1731 AND
2 1 1982 1991 1981 XOR
1 1 3269 2004 INV
2 1 2009 3275 2011 XOR
2 1 880 3246 2012 XOR
1 1 3229 4394 INV
1 1 3230 1890 INV
1 1 1885 1904 INV
1 1 1365 1371 INV
1 1 1653 3985 INV
1 1 1560 1526 INV
1 1 3917 3907 INV
2 1 1432 1433 929 AND
2 1 1885 3504 1364 AND
2 1 1503 2933 1494 AND
2 1 1496 1499 1495 AND
1 1 2996 1728 INV
1 1 2570 3980 INV
1 1 2455 4019 INV
1 1 3915 2477 INV
1 1 4024 3763 INV
1 1 2685 4143 INV
1 1 2752 1335 INV
1 1 2618 2531 INV
1 1 2645 1353 INV
1 1 2634 1352 INV
1 1 2159 2664 INV
1 1 2187 449 INV
1 1 2171 490 INV
1 1 2080 2045 INV
1 1 2103 2025 INV
1 1 2127 2109 INV
2 1 2114 2117 2134 AND
1 1 2355 2373 INV
1 1 2424 914 INV
1 1 2412 915 INV
1 1 2287 1258 INV
1 1 4143 4139 INV
2 1 4193 4194 4191 AND
2 1 4192 4193 2793 AND
1 1 4170 4204 INV
1 1 2784 4207 INV
2 1 4478 4483 4482 AND
1 1 4487 4477 INV
1 1 2879 4410 INV
2 1 3821 3824 3820 AND
2 1 3813 3814 3815 AND
2 1 3840 3845 3844 AND
2 1 3867 3870 3869 AND
2 1 3713 3714 3710 AND
2 1 3131 3910 3909 AND
1 1 3763 3971 INV
1 1 4019 3121 INV
2 1 3764 4019 3126 AND
2 1 3958 4097 3956 AND
1 1 3985 3979 INV
1 1 3986 3977 INV
2 1 3980 3985 3088 AND
1 1 3986 885 INV
1 1 929 925 INV
1 1 915 960 INV
2 1 971 974 973 AND
1 1 785 782 INV
2 1 449 3537 447 AND
2 1 490 3537 3135 AND
2 1 520 523 521 AND
2 1 915 3537 318 AND
2 1 914 3537 3146 AND
2 1 352 353 351 AND
2 1 377 3215 375 AND
1 1 552 539 INV
1 1 3985 1665 INV
1 1 1731 1957 INV
1 1 2004 3268 INV
1 1 2012 3274 INV
2 1 2025 2026 2024 AND
2 1 1889 3227 1888 AND
2 1 1890 4382 3228 AND
1 1 1904 1899 INV
1 1 1371 1366 INV
2 1 258 1364 1350 AND
2 1 1352 1353 1351 AND
2 1 28 1277 2960 AND
2 1 1258 3537 1256 AND
2 1 1314 1317 1315 AND
1 1 3985 1316 INV
1 1 1526 1524 INV
1 1 1551 1554 INV
1 1 1602 1601 INV
1 1 929 1445 INV
1 1 1364 1461 INV
1 1 1494 1492 INV
1 1 1495 1493 INV
1 1 1353 3003 INV
2 1 1516 1728 1515 AND
2 1 2586 2587 2589 AND
1 1 3763 2965 INV
1 1 2477 2964 INV
1 1 2734 2737 INV
2 1 1498 2612 2611 AND
2 1 1352 1353 2644 AND
2 1 2664 2665 2157 AND
2 1 449 490 2186 AND
2 1 2202 2205 2198 AND
2 1 2227 2230 2229 AND
2 1 2044 2045 2076 AND
2 1 2025 2026 2070 AND
2 1 2088 2091 2087 AND
1 1 2373 3067 INV
2 1 914 915 2422 AND
1 1 2431 2433 INV
2 1 2270 2276 2269 AND
1 1 3056 2312 INV
1 1 2793 4199 INV
2 1 4143 4206 4219 XOR
2 1 4410 4423 4384 AND
1 1 3820 3796 INV
1 1 3815 3804 INV
1 1 3844 3863 INV
1 1 3869 3882 INV
2 1 3121 4081 3972 XOR
1 1 3088 3984 INV
2 1 914 960 918 XOR
1 1 973 998 INV
2 1 782 783 965 XOR
1 1 447 470 INV
1 1 3135 457 INV
1 1 3146 321 INV
1 1 351 354 INV
2 1 1731 3261 1732 XOR
2 1 1728 4283 1730 XOR
2 1 1981 3285 1985 XOR
2 1 2003 3268 1975 XOR
2 1 2011 3274 4625 XOR
1 1 1888 4391 INV
1 1 3228 4392 INV
1 1 2960 3908 INV
1 1 1256 1274 INV
2 1 1352 1353 3433 AND
2 1 1353 270 4381 XOR
2 1 270 3003 1474 XOR
1 1 4019 4009 INV
2 1 2476 2964 3625 AND
1 1 4143 4342 INV
1 1 2611 4259 INV
1 1 2644 3549 INV
1 1 2157 2668 INV
1 1 2229 2234 INV
1 1 2076 1868 INV
1 1 2070 2050 INV
1 1 2087 2108 INV
1 1 2134 1537 INV
1 1 2422 2374 INV
2 1 2433 2434 1558 AND
1 1 2269 1384 INV
2 1 2312 2345 4652 AND
1 1 3549 3544 INV
2 1 3392 3433 3473 AND
2 1 3433 3501 3499 AND
1 1 4342 2780 INV
2 1 4137 4139 4135 AND
1 1 4342 4161 INV
2 1 4191 4192 4190 AND
2 1 203 4199 2792 AND
2 1 4477 4479 4484 AND
1 1 4482 4485 INV
2 1 4392 4394 2884 AND
1 1 4381 2877 INV
1 1 4384 4415 INV
2 1 3795 3796 3781 AND
2 1 3882 3891 3890 AND
1 1 3710 3709 INV
1 1 3625 4031 INV
1 1 3909 3912 INV
2 1 3907 3908 3924 AND
2 1 3908 4052 3128 AND
2 1 3126 3625 3961 AND
1 1 3956 3955 INV
2 1 3977 3979 3978 AND
2 1 885 887 886 AND
1 1 918 3082 INV
2 1 965 966 3105 AND
1 1 965 3098 INV
2 1 470 3387 465 AND
2 1 457 3387 450 AND
1 1 4625 522 INV
1 1 318 319 INV
2 1 321 3387 307 AND
1 1 375 374 INV
2 1 539 540 538 AND
1 1 4009 1632 INV
2 1 1956 1957 1959 AND
1 1 1975 3270 INV
2 1 2024 3537 2023 AND
2 1 1868 3537 1865 AND
2 1 4392 4394 1886 AND
2 1 1899 1901 1900 AND
1 1 4381 1341 INV
1 1 3549 3249 INV
1 1 3549 1367 INV
2 1 1350 1351 1349 AND
1 1 3549 1360 INV
2 1 1384 3537 1381 AND
2 1 3907 3908 1271 AND
2 1 3625 4019 1276 AND
2 1 1274 3387 1261 AND
1 1 1315 1320 INV
2 1 1537 3537 2929 AND
1 1 4009 1523 INV
2 1 1526 4009 1561 AND
2 1 911 1558 1567 AND
2 1 1554 1564 1553 AND
2 1 1601 4052 1603 AND
2 1 1459 1461 1460 AND
2 1 269 4381 2931 AND
2 1 1492 1493 1489 AND
1 1 1474 1483 INV
1 1 1515 1514 INV
1 1 3549 2545 INV
2 1 2531 4259 3015 AND
1 1 2589 2588 INV
1 1 4009 2467 INV
2 1 3625 3764 2966 AND
2 1 4145 4342 2514 AND
2 1 283 2737 2736 AND
1 1 3549 3047 INV
1 1 2668 3024 INV
1 1 2198 2201 INV
2 1 1868 2050 2048 AND
2 1 2108 2109 2090 AND
1 1 1558 2359 INV
1 1 2374 2358 INV
2 1 1258 1384 2275 AND
1 1 4190 4166 INV
1 1 2792 4169 INV
2 1 2884 4391 4279 AND
1 1 3890 3864 INV
1 1 3625 3760 INV
1 1 3961 3975 INV
2 1 919 3082 905 XOR
1 1 3105 959 INV
2 1 211 998 938 XOR
2 1 319 3151 507 AND
1 1 538 545 INV
2 1 1974 3270 1969 XOR
1 1 2023 2018 INV
1 1 1349 4376 INV
2 1 1360 2954 4380 AND
2 1 260 3625 1413 XOR
1 1 1271 3969 INV
1 1 2929 1532 INV
2 1 1523 1524 1409 AND
1 1 1603 4095 INV
1 1 2931 1436 INV
2 1 1483 1484 1456 AND
2 1 1513 1514 4167 AND
1 1 3015 4241 INV
2 1 2467 2968 931 AND
1 1 2966 1234 INV
1 1 2736 1336 INV
2 1 286 3047 3439 XOR
2 1 293 3024 493 XOR
2 1 288 2234 3657 XOR
1 1 2090 1906 INV
1 1 2275 2375 INV
1 1 3439 2806 INV
2 1 4166 4169 4153 AND
2 1 4166 4169 4156 AND
2 1 4166 4169 4196 AND
1 1 4167 2796 INV
2 1 4166 4169 2797 AND
1 1 4484 4481 INV
1 1 4380 4377 INV
2 1 3781 3782 3794 AND
1 1 3864 3849 INV
2 1 3666 3709 3665 AND
2 1 4095 4097 4101 AND
2 1 3911 3912 3914 AND
2 1 3920 3924 3923 AND
2 1 3128 3907 3905 AND
1 1 3969 3125 INV
1 1 3978 3983 INV
1 1 886 883 INV
1 1 959 955 INV
1 1 938 935 INV
2 1 786 3098 784 AND
2 1 465 466 469 AND
2 1 450 451 452 AND
2 1 493 3537 492 AND
1 1 507 3150 INV
2 1 307 308 309 AND
2 1 368 374 376 AND
1 1 545 3216 INV
1 1 1959 1958 INV
1 1 4167 1963 INV
1 1 1969 3280 INV
2 1 251 2018 2028 AND
1 1 2018 2022 INV
1 1 1865 1866 INV
2 1 1886 4391 1884 AND
1 1 1906 3258 INV
1 1 1900 1903 INV
1 1 4380 1343 INV
1 1 4241 1348 INV
2 1 1335 1336 1334 AND
2 1 1366 1367 1369 AND
1 1 1381 1382 INV
2 1 3916 4095 2942 AND
2 1 1409 3915 1406 AND
1 1 3969 2943 INV
1 1 1234 1230 INV
2 1 931 157 1228 AND
2 1 3764 3969 1239 AND
2 1 1276 2959 1275 AND
2 1 1261 1262 1273 AND
2 1 1532 3387 1540 AND
1 1 4241 1522 INV
1 1 1409 1530 INV
1 1 1561 1563 INV
1 1 1567 1566 INV
2 1 1552 1553 1550 AND
1 1 4167 1576 INV
2 1 4095 4097 2937 AND
1 1 4167 1428 INV
1 1 1460 1463 INV
1 1 1456 1446 INV
1 1 1489 1488 INV
2 1 2588 3980 2590 AND
1 1 1234 2471 INV
2 1 2512 2514 2513 AND
2 1 1335 1336 2747 AND
2 1 3439 3490 3051 AND
2 1 2191 2201 2200 AND
2 1 1537 1906 2047 AND
2 1 2358 3067 2357 AND
1 1 2375 2360 INV
1 1 4167 4150 INV
1 1 4156 4154 INV
2 1 2797 4167 4127 AND
2 1 2877 4377 4239 AND
1 1 3794 4432 INV
2 1 3849 3863 3805 XOR
1 1 3665 3671 INV
1 1 3914 4098 INV
1 1 3923 4099 INV
1 1 3905 3922 INV
2 1 4095 4097 3918 AND
2 1 3125 3966 3960 AND
2 1 935 939 961 XOR
1 1 784 952 INV
1 1 469 461 INV
1 1 452 446 INV
1 1 309 322 INV
1 1 376 341 INV
2 1 1963 4218 1720 XOR
2 1 1968 3280 1986 XOR
2 1 1866 3232 1869 AND
1 1 1884 4307 INV
2 1 1916 3258 1875 AND
2 1 1347 1348 1862 AND
2 1 1382 2945 1373 AND
1 1 2942 1420 INV
1 1 1228 1421 INV
1 1 1275 1241 INV
1 1 1273 1255 INV
2 1 176 1522 1707 XOR
2 1 1562 1563 1525 AND
2 1 1566 1568 1521 AND
1 1 1550 1830 INV
1 1 4241 3513 INV
1 1 2590 932 INV
2 1 2471 2965 930 AND
1 1 2513 1584 INV
1 1 2747 3496 INV
1 1 3051 1458 INV
1 1 3657 516 INV
1 1 3513 3507 INV
1 1 3496 2818 INV
1 1 4307 4305 INV
1 1 4127 4120 INV
2 1 4153 4167 4152 AND
2 1 4150 4154 4151 AND
1 1 4127 2798 INV
1 1 4196 4195 INV
2 1 4481 4485 4480 AND
1 1 3496 4491 INV
1 1 3513 2863 INV
1 1 4307 2859 INV
2 1 4239 4307 4389 AND
1 1 4432 4424 INV
1 1 4101 4100 INV
2 1 3921 3922 3919 AND
1 1 3960 3957 INV
2 1 3983 3984 3982 AND
2 1 932 3990 912 AND
2 1 930 931 3081 AND
1 1 961 956 INV
2 1 952 959 968 AND
1 1 961 940 INV
1 1 952 3104 INV
1 1 492 491 INV
2 1 516 3537 3155 AND
1 1 341 3214 INV
2 1 707 1830 1829 AND
2 1 1830 3333 1834 AND
1 1 1707 1705 INV
2 1 1958 1960 1955 AND
1 1 1986 3284 INV
1 1 2028 2015 INV
2 1 2022 3242 2027 AND
1 1 1862 3233 INV
1 1 1869 3234 INV
2 1 1862 3496 1858 AND
1 1 4307 3235 INV
1 1 1875 1911 INV
2 1 1903 1905 1902 AND
2 1 1341 1343 1925 AND
1 1 1334 1333 INV
1 1 1369 1368 INV
2 1 555 1830 1387 AND
1 1 1373 2946 INV
2 1 1420 1421 2947 AND
1 1 1406 1407 INV
1 1 1421 1233 INV
1 1 1239 1238 INV
2 1 1759 1830 1293 AND
1 1 932 1313 INV
2 1 930 931 1536 AND
2 1 1540 1541 1544 AND
2 1 486 1707 2930 AND
2 1 1576 1577 1573 AND
1 1 1584 1578 INV
2 1 2937 3915 1604 AND
2 1 1426 1428 1422 AND
1 1 1584 1423 INV
2 1 1463 3433 1462 AND
2 1 1446 1448 1452 AND
1 1 1458 1447 INV
2 1 1488 1491 1490 AND
1 1 1584 2542 INV
2 1 3496 3504 2544 AND
2 1 930 931 2969 AND
1 1 1584 2515 INV
1 1 1458 2727 INV
2 1 2531 3496 2748 AND
2 1 2199 2200 2206 AND
2 1 2047 2048 2046 AND
2 1 2359 2360 2356 AND
1 1 4152 4173 INV
1 1 4151 4171 INV
2 1 2796 4195 4126 AND
1 1 4480 4210 INV
1 1 3496 3481 INV
2 1 4424 4429 4406 XOR
2 1 3804 3805 3806 XOR
2 1 3657 3671 3677 XOR
1 1 3919 4102 INV
1 1 3922 3900 INV
1 1 3982 3987 INV
1 1 912 933 INV
2 1 940 3104 964 AND
2 1 491 3154 496 AND
1 1 3155 479 INV
1 1 1829 1841 INV
1 1 1955 4212 INV
2 1 1985 3284 4624 XOR
2 1 2015 2016 2019 AND
1 1 2027 2020 INV
2 1 1860 3233 1863 AND
2 1 254 1875 1881 AND
1 1 1902 4258 INV
2 1 1331 1333 1898 AND
1 1 2947 1411 INV
2 1 1407 2943 1397 AND
2 1 1237 1238 3974 AND
1 1 1544 1533 INV
1 1 2930 1534 INV
1 1 1525 1520 INV
1 1 1830 4638 INV
1 1 1604 3906 INV
1 1 1462 1438 INV
1 1 1490 1895 INV
1 1 2544 4260 INV
1 1 932 928 INV
1 1 2969 2538 INV
1 1 2206 1940 INV
1 1 2046 2150 INV
2 1 2356 2357 4650 AND
2 1 4259 4260 4255 AND
1 1 4258 4256 INV
2 1 4258 4259 2782 AND
2 1 4259 4260 4292 AND
1 1 4126 4123 INV
2 1 4171 4173 2795 AND
1 1 4126 4155 INV
1 1 4210 4488 INV
1 1 3481 4520 INV
1 1 3481 4562 INV
1 1 4258 2878 INV
1 1 3677 3694 INV
2 1 4098 4102 3913 AND
1 1 3900 3898 INV
2 1 3906 3907 3904 AND
2 1 3957 3959 3954 AND
1 1 928 921 INV
2 1 3081 16 913 AND
2 1 955 956 958 AND
2 1 961 968 967 AND
1 1 964 3103 INV
1 1 496 3153 INV
2 1 479 3387 518 AND
1 1 4624 519 INV
1 1 1841 1838 INV
2 1 1807 1841 3198 AND
1 1 1834 1833 INV
2 1 2019 2020 3238 AND
1 1 1863 3241 INV
1 1 1858 1857 INV
1 1 1881 3256 INV
2 1 1908 1911 1907 AND
2 1 255 1895 1891 AND
2 1 1898 4382 1935 AND
2 1 1862 1898 3254 AND
2 1 1940 3537 1938 AND
1 1 1895 1325 INV
2 1 1898 3433 1337 AND
2 1 1361 1368 1372 AND
1 1 1387 1386 INV
1 1 1411 2949 INV
1 1 1397 1410 INV
2 1 1230 1233 1229 AND
2 1 1241 3974 1236 AND
1 1 1293 1292 INV
2 1 1313 1316 1319 AND
2 1 157 1536 1535 AND
2 1 1533 1534 1543 AND
1 1 1520 1531 INV
1 1 1573 1572 INV
2 1 3906 3907 1621 AND
2 1 888 928 1444 AND
1 1 1422 1425 INV
2 1 1436 1438 1435 AND
1 1 1452 1455 INV
1 1 1895 1453 INV
1 1 4260 3013 INV
1 1 2538 3010 INV
1 1 2538 2554 INV
2 1 928 1652 2550 AND
2 1 2725 2727 2724 AND
2 1 2748 4259 2749 AND
2 1 290 2150 2149 AND
2 1 516 1940 3020 AND
1 1 2150 2049 INV
1 1 2782 4268 INV
1 1 4292 4310 INV
2 1 4207 4488 4211 AND
2 1 4405 4406 4401 XOR
2 1 3676 3694 3832 XOR
2 1 3974 3975 4049 AND
1 1 913 3988 INV
1 1 967 962 INV
2 1 208 3103 963 XOR
2 1 239 3198 1808 AND
2 1 1832 1833 1828 AND
2 1 1961 4212 1721 XOR
2 1 3241 3496 1708 XOR
2 1 1857 3235 1849 AND
1 1 1891 4408 INV
1 1 4258 4309 INV
1 1 3254 1912 INV
1 1 1372 4374 INV
2 1 1386 1396 1359 AND
2 1 1413 2949 1628 XOR
2 1 1410 3764 1637 XOR
1 1 1236 4111 INV
2 1 1292 1294 1257 AND
1 1 1535 1306 INV
1 1 1543 1296 INV
1 1 1621 1612 INV
2 1 2545 3013 1339 AND
1 1 2749 4278 INV
1 1 2149 2656 INV
2 1 2186 3020 2657 AND
2 1 4278 4279 2813 AND
2 1 4278 4279 4264 AND
1 1 4255 4257 INV
2 1 4309 4310 2783 AND
2 1 4120 4123 4122 AND
2 1 2795 4170 4168 AND
2 1 2798 4155 4158 AND
1 1 4211 4209 INV
2 1 4520 4521 4525 AND
2 1 2878 4415 4417 AND
2 1 4309 4422 4420 AND
1 1 4401 2875 INV
1 1 3832 2837 INV
2 1 4111 221 4110 AND
2 1 3913 4099 3130 AND
1 1 3904 3903 INV
1 1 3954 3953 INV
2 1 921 925 924 AND
2 1 962 963 954 AND
1 1 958 957 INV
2 1 514 518 517 AND
2 1 519 522 526 AND
1 1 1808 1804 INV
2 1 1837 1838 1840 AND
1 1 1637 1633 INV
1 1 1708 3263 INV
1 1 3238 2017 INV
1 1 1849 3237 INV
1 1 1907 1910 INV
2 1 4309 4408 1893 AND
2 1 1897 1935 1934 AND
1 1 1938 1937 INV
2 1 1339 1862 3248 AND
2 1 1325 3249 1330 AND
2 1 1337 1338 1326 AND
2 1 4374 4376 1370 AND
1 1 1628 2948 INV
2 1 486 1637 1401 AND
1 1 1229 1232 INV
1 1 1319 1322 INV
2 1 1530 1531 1528 AND
2 1 1612 3764 1624 AND
1 1 1444 1443 INV
1 1 1435 1434 INV
2 1 1447 1453 1454 AND
2 1 1339 3513 3014 AND
2 1 1653 2550 2549 AND
1 1 4278 2726 INV
2 1 493 2656 2667 AND
2 1 2049 2051 3030 AND
1 1 2813 4271 INV
2 1 4256 4257 4267 AND
1 1 4268 4251 INV
1 1 4278 4308 INV
1 1 2783 4269 INV
1 1 4168 4118 INV
2 1 4209 4212 4205 XOR
2 1 4374 4376 4351 AND
2 1 2837 3806 4400 XOR
1 1 3130 4096 INV
2 1 3902 3903 3901 AND
2 1 3953 3955 3976 AND
1 1 517 482 INV
2 1 521 526 4597 AND
2 1 1705 3263 1711 AND
2 1 2013 2017 745 AND
2 1 486 1708 733 AND
2 1 1851 3237 1713 XOR
1 1 1934 4409 INV
2 1 1937 3251 1932 AND
1 1 3248 1340 INV
1 1 1326 4373 INV
1 1 1370 1346 INV
2 1 1412 2948 1377 AND
1 1 4111 4065 INV
2 1 263 1296 1811 XOR
1 1 1296 4636 INV
2 1 1443 1445 1675 AND
2 1 1434 2936 1439 AND
1 1 3014 4231 INV
1 1 2549 934 INV
2 1 2724 2726 2701 AND
1 1 3030 2655 INV
2 1 198 4271 4281 AND
2 1 4268 4269 4282 AND
1 1 4267 4265 INV
1 1 4251 4266 INV
2 1 4268 4269 4304 AND
1 1 4308 4306 INV
1 1 4122 4125 INV
1 1 4158 4157 INV
1 1 4205 4202 INV
1 1 4205 2790 INV
1 1 4417 4416 INV
2 1 4408 4409 4419 AND
1 1 4400 4407 INV
2 1 4400 4401 4404 AND
1 1 4065 4058 INV
1 1 4065 4036 INV
2 1 4096 4097 3107 AND
1 1 4096 3132 INV
1 1 3901 3899 INV
1 1 3976 3122 INV
1 1 924 927 INV
2 1 933 934 3086 AND
2 1 954 957 953 AND
1 1 745 742 INV
1 1 733 3220 INV
1 1 1840 1839 INV
1 1 1811 1645 INV
2 1 1631 1633 1636 AND
1 1 934 1657 INV
1 1 4231 3286 INV
1 1 745 3240 INV
1 1 733 2021 INV
1 1 1713 3236 INV
2 1 1876 1910 1909 AND
2 1 1912 4409 1892 AND
1 1 1932 3250 INV
1 1 1346 3247 INV
1 1 1330 1329 INV
1 1 1811 1356 INV
1 1 1377 1380 INV
1 1 1401 1400 INV
2 1 1232 4065 1231 AND
1 1 1811 1270 INV
2 1 1322 3963 1321 AND
1 1 1528 1527 INV
1 1 1624 1623 INV
2 1 1675 3963 1441 AND
1 1 1439 2935 INV
1 1 1454 1450 INV
1 1 4231 2539 INV
1 1 2701 2728 INV
2 1 2655 2657 2666 AND
1 1 4231 4277 INV
2 1 2790 4145 4226 XOR
2 1 3107 4095 4045 AND
2 1 3132 4100 4044 AND
2 1 3122 4049 3970 XOR
1 1 3086 922 INV
1 1 953 906 INV
1 1 1811 1798 INV
2 1 1644 1645 1646 AND
2 1 1632 1636 1627 AND
2 1 1984 3286 1952 AND
2 1 2021 3240 4626 AND
2 1 1850 3236 1861 AND
1 1 1909 1883 INV
2 1 1380 2946 4631 AND
2 1 1398 1400 4632 AND
1 1 1231 1248 INV
2 1 1622 1623 1618 AND
1 1 1441 920 INV
1 1 934 2536 INV
2 1 281 2728 2702 XOR
2 1 2666 2667 4649 AND
2 1 4281 4282 4280 AND
1 1 4277 4274 INV
2 1 4265 4266 4262 AND
2 1 4305 4306 4302 AND
2 1 4124 4125 4121 AND
2 1 4145 4157 4159 AND
1 1 4226 2787 INV
2 1 4202 4204 4203 AND
2 1 4382 4416 4414 AND
2 1 4419 4420 4421 AND
2 1 2875 4407 4397 AND
1 1 4404 4403 INV
1 1 4044 3110 INV
1 1 4045 4085 INV
1 1 4044 4103 INV
1 1 4045 4104 INV
1 1 4044 4116 INV
1 1 4045 3108 INV
2 1 3898 3899 3896 AND
1 1 3970 3124 INV
2 1 888 927 926 AND
1 1 920 3085 INV
1 1 906 3080 INV
1 1 4626 662 INV
2 1 742 3220 744 AND
1 1 4626 584 INV
1 1 4631 565 INV
1 1 4626 618 INV
1 1 4631 1735 INV
2 1 1130 1798 1794 AND
2 1 1839 3294 1836 AND
1 1 1646 3194 INV
2 1 1627 1628 1638 AND
1 1 1952 1949 INV
2 1 246 1952 1945 AND
1 1 1861 1864 INV
1 1 1883 1878 INV
2 1 1892 1893 1894 AND
2 1 1329 257 1328 AND
2 1 1355 1356 1358 AND
1 1 1248 1235 INV
2 1 1267 1270 1266 AND
1 1 920 2955 INV
2 1 1320 1321 1318 AND
2 1 1521 1527 1529 AND
1 1 1618 2941 INV
1 1 920 2938 INV
2 1 1450 1457 1449 AND
2 1 2539 2542 2543 AND
2 1 2536 4007 2555 AND
1 1 4280 4246 INV
1 1 4121 4140 INV
1 1 4159 4119 INV
1 1 4414 4361 INV
1 1 4421 4359 INV
2 1 4402 4403 4399 AND
1 1 4044 4038 INV
2 1 3124 3972 3936 XOR
1 1 926 875 INV
2 1 922 3085 879 XOR
2 1 905 3080 3651 XOR
2 1 662 663 656 AND
1 1 4631 671 INV
1 1 4632 399 INV
1 1 1836 1810 INV
2 1 240 3194 1827 XOR
2 1 1864 3234 4627 AND
1 1 1894 1913 INV
1 1 1328 4375 INV
2 1 1235 4024 1626 XOR
2 1 265 2955 1288 XOR
1 1 1318 3991 INV
1 1 1529 678 INV
2 1 1442 2938 1596 AND
2 1 2541 2543 4645 AND
1 1 2702 4187 INV
2 1 3387 3651 3650 AND
1 1 4262 4261 INV
1 1 4302 4301 INV
2 1 4119 202 2774 AND
2 1 4119 4129 4165 AND
2 1 4118 4119 4172 AND
1 1 4187 2788 INV
1 1 4203 4201 INV
2 1 4359 4361 4357 AND
2 1 4359 4361 4387 AND
2 1 4373 4375 2876 AND
2 1 4359 4361 4383 AND
1 1 4397 4396 INV
2 1 3110 4085 4086 AND
2 1 4103 4104 4108 AND
2 1 3108 4116 4115 AND
1 1 3896 3895 INV
2 1 3763 3936 3127 AND
1 1 3936 3123 INV
1 1 3991 3089 INV
1 1 879 876 INV
1 1 875 3084 INV
2 1 875 215 882 AND
2 1 911 3651 909 AND
2 1 399 3305 396 AND
2 1 671 3305 668 AND
2 1 678 3305 677 AND
1 1 656 3201 INV
2 1 399 3333 693 AND
2 1 671 3333 752 AND
2 1 678 3333 756 AND
1 1 744 743 INV
2 1 583 584 580 AND
2 1 555 678 568 AND
2 1 564 565 561 AND
1 1 4627 558 INV
2 1 399 3348 643 AND
2 1 617 618 624 AND
2 1 678 1759 1756 AND
2 1 1734 1735 1741 AND
1 1 4627 1738 INV
2 1 399 3620 1761 AND
1 1 1794 1797 INV
1 1 1810 1803 INV
2 1 1827 1828 1826 AND
2 1 1949 3281 1948 AND
1 1 1945 1944 INV
2 1 1878 3256 1880 AND
1 1 1913 1896 INV
2 1 4373 4375 1344 AND
1 1 1358 1357 INV
1 1 1626 1253 INV
1 1 1266 1269 INV
1 1 3991 1323 INV
2 1 1616 2941 1614 AND
2 1 1449 1455 1451 AND
2 1 2555 3963 2556 AND
1 1 4187 2516 INV
1 1 4172 4163 INV
1 1 2876 4353 INV
1 1 4383 4385 INV
1 1 4086 4050 INV
1 1 3127 3930 INV
2 1 3089 3990 3998 XOR
1 1 668 403 INV
2 1 233 3201 667 XOR
1 1 4627 384 INV
1 1 752 732 INV
1 1 568 572 INV
1 1 643 615 INV
1 1 1756 629 INV
1 1 1761 1784 INV
2 1 1944 1946 1941 AND
2 1 1896 3433 1712 XOR
2 1 1288 4007 1290 XOR
2 1 903 1323 1312 XOR
1 1 678 4637 INV
1 1 1451 1440 INV
1 1 2556 1595 INV
2 1 2515 2516 4648 AND
1 1 3650 3649 INV
2 1 4261 4264 4263 AND
2 1 4301 4304 4303 AND
2 1 2774 4118 4134 AND
2 1 4118 4165 4164 AND
2 1 4163 200 4160 AND
2 1 2788 4183 4182 AND
2 1 4201 205 4200 AND
1 1 4357 4356 INV
2 1 4351 4353 4388 AND
2 1 4360 4387 4386 AND
2 1 4239 4353 4379 AND
2 1 4385 197 2880 AND
2 1 4396 4399 4398 AND
2 1 4049 4050 4047 AND
1 1 4108 4107 INV
1 1 4115 4114 INV
2 1 3895 3918 3897 AND
2 1 3925 3930 3926 AND
2 1 3123 3971 3973 AND
1 1 3998 3981 INV
2 1 889 3084 873 AND
2 1 882 883 884 AND
1 1 909 908 INV
1 1 396 397 INV
2 1 384 1130 381 AND
1 1 677 676 INV
1 1 693 692 INV
2 1 384 1169 714 AND
1 1 756 757 INV
2 1 743 1169 746 AND
1 1 580 579 INV
1 1 561 560 INV
2 1 558 559 567 AND
1 1 624 623 INV
1 1 1741 1740 INV
2 1 1738 1739 1737 AND
2 1 1803 1804 1806 AND
1 1 1826 1825 INV
2 1 1712 1713 1710 AND
1 1 1948 1951 INV
1 1 1880 1879 INV
1 1 1712 3257 INV
1 1 1344 1345 INV
2 1 1357 1359 1354 AND
2 1 1252 1253 1250 AND
2 1 1257 1269 1268 AND
1 1 1290 1285 INV
1 1 1595 1580 INV
1 1 1595 1591 INV
1 1 1614 1613 INV
1 1 1440 1437 INV
1 1 1595 2537 INV
1 1 1595 3011 INV
2 1 2809 3649 3341 AND
1 1 4263 4237 INV
1 1 4303 4238 INV
1 1 4134 4141 INV
1 1 4164 4133 INV
1 1 4200 4220 INV
2 1 4356 4358 4554 AND
1 1 4386 4550 INV
1 1 2880 4551 INV
1 1 4398 3536 INV
1 1 3897 4039 INV
1 1 3926 3948 INV
1 1 3973 3929 INV
2 1 3981 3987 4006 XOR
1 1 884 877 INV
2 1 907 908 3703 AND
2 1 397 3212 367 AND
2 1 676 3206 666 AND
2 1 692 3225 683 AND
2 1 757 3218 750 AND
1 1 746 751 INV
2 1 1825 3195 4621 AND
2 1 1345 3247 4240 AND
1 1 1354 4630 INV
1 1 1268 4634 INV
2 1 1437 2935 4186 AND
2 1 2537 3010 4646 AND
2 1 2554 3011 4647 AND
2 1 3536 3537 3584 AND
2 1 4237 4238 4236 AND
2 1 4239 4240 4248 AND
2 1 4239 4240 2812 AND
2 1 4238 4254 4253 AND
2 1 4140 4141 4138 AND
2 1 4140 4141 4128 AND
1 1 4160 4162 INV
1 1 4182 4185 INV
2 1 4219 4220 2791 AND
1 1 4554 4362 INV
2 1 4239 4240 4372 AND
2 1 4550 4551 4354 AND
2 1 4388 4389 4390 AND
2 1 4351 4379 4378 AND
1 1 3536 4395 INV
2 1 4038 4039 4051 AND
1 1 4047 4046 INV
2 1 4038 4039 3111 AND
2 1 4107 4110 4109 AND
2 1 4111 4114 4113 AND
2 1 4038 4039 4094 AND
2 1 3625 3948 3946 AND
2 1 3929 3930 3928 AND
2 1 3929 3930 3934 AND
1 1 4006 4003 INV
2 1 4000 4006 3093 AND
1 1 873 872 INV
1 1 381 382 INV
2 1 666 667 665 AND
1 1 714 713 INV
2 1 750 751 748 AND
2 1 572 579 582 AND
2 1 554 560 563 AND
1 1 567 566 INV
2 1 623 629 626 AND
2 1 1740 1757 1743 AND
1 1 1737 1736 INV
1 1 1806 1805 INV
2 1 1710 1711 1709 AND
2 1 1941 1951 1950 AND
2 1 1879 3387 1877 AND
2 1 1914 3257 1915 AND
2 1 1340 4240 3252 AND
1 1 1250 1249 INV
1 1 4186 1579 INV
2 1 1613 1620 1615 AND
1 1 4186 1427 INV
1 1 3584 3416 INV
1 1 3341 3605 INV
1 1 4128 4340 INV
2 1 4161 4162 4132 AND
1 1 2791 4221 INV
1 1 4550 4555 INV
1 1 4390 4560 INV
1 1 4378 4276 INV
2 1 2874 4395 4418 AND
1 1 4051 4066 INV
2 1 4046 4048 4064 AND
1 1 4109 4072 INV
1 1 4113 4106 INV
2 1 4065 4094 4080 AND
1 1 3946 3940 INV
1 1 3093 3992 INV
2 1 382 3205 388 AND
2 1 712 713 730 AND
1 1 1709 1703 INV
1 1 1950 1942 INV
1 1 1877 1871 INV
1 1 1915 1870 INV
1 1 3252 1930 INV
1 1 1615 1586 INV
1 1 3416 3415 INV
1 1 3605 3601 INV
2 1 4236 4248 4235 AND
2 1 2812 4231 4272 AND
1 1 4276 4275 INV
2 1 4237 4253 4252 AND
1 1 4340 4337 INV
1 1 4138 4136 INV
2 1 4340 4342 4148 AND
2 1 4132 4133 4131 AND
2 1 4185 4186 4184 AND
2 1 4550 4560 2856 AND
1 1 4555 4363 INV
1 1 4372 4371 INV
1 1 4354 4345 INV
2 1 4550 4560 2881 AND
2 1 4276 4279 4393 AND
1 1 4418 2873 INV
2 1 4063 4064 4059 AND
1 1 4066 4061 INV
1 1 4066 4037 INV
1 1 4080 4089 INV
2 1 3111 4065 4079 AND
1 1 4080 4076 INV
2 1 4105 4106 4117 AND
2 1 3732 3928 3927 AND
1 1 3934 3937 INV
2 1 3999 4003 4002 AND
2 1 872 877 874 AND
2 1 388 403 386 AND
1 1 665 664 INV
2 1 730 732 727 AND
1 1 748 747 INV
2 1 582 585 581 AND
2 1 563 566 562 AND
2 1 619 626 625 AND
2 1 1736 1743 1742 AND
2 1 1800 1805 1802 AND
1 1 1703 3267 INV
2 1 1942 4186 1953 AND
2 1 1870 1871 1882 AND
1 1 1930 3253 INV
2 1 256 1930 1342 AND
2 1 1249 1255 1251 AND
2 1 1578 1579 1575 AND
1 1 1586 1619 INV
2 1 1423 1427 1424 AND
1 1 3416 3541 INV
1 1 4235 4243 INV
1 1 4272 4249 INV
2 1 4274 4275 4273 AND
1 1 4252 4250 INV
2 1 4135 4136 4343 AND
1 1 4184 4188 INV
2 1 2787 4221 4176 XOR
1 1 4560 4556 INV
2 1 2859 4371 4557 AND
1 1 4393 4549 INV
2 1 2873 184 3652 XOR
1 1 4079 4071 INV
1 1 4117 4073 INV
1 1 3927 3952 INV
2 1 3935 3937 3941 AND
1 1 874 878 INV
2 1 664 3208 4606 AND
2 1 747 3219 4610 AND
1 1 581 535 INV
1 1 562 4613 INV
1 1 625 4616 INV
1 1 1742 4617 INV
1 1 1802 1799 INV
1 1 1953 1943 INV
1 1 1882 361 INV
1 1 1251 1242 INV
2 1 267 1619 3989 XOR
2 1 3652 3653 3633 AND
2 1 4246 4250 2814 AND
2 1 4237 4249 2811 AND
2 1 4246 4250 4270 AND
2 1 2780 4337 4332 AND
1 1 4343 4339 INV
1 1 4343 4313 INV
1 1 4343 2776 INV
1 1 4148 4147 INV
1 1 4131 4130 INV
2 1 4176 4283 4175 AND
1 1 4176 2789 INV
1 1 4176 4222 INV
2 1 4549 4551 4558 AND
2 1 4362 4363 4370 AND
1 1 4556 4364 INV
1 1 4557 4365 INV
2 1 4549 4560 2883 AND
2 1 4549 4551 4352 AND
2 1 4058 4061 4057 AND
2 1 4036 4037 4042 AND
2 1 4052 4071 4067 AND
2 1 4072 4073 4068 AND
2 1 4072 4073 4112 AND
1 1 3941 3951 INV
2 1 3948 3952 3933 AND
1 1 4002 4005 INV
2 1 3988 3989 900 AND
2 1 3988 3989 897 AND
2 1 361 1130 400 AND
1 1 386 385 INV
2 1 361 1169 729 AND
1 1 727 731 INV
1 1 535 571 INV
1 1 1799 1795 INV
1 1 1943 3283 INV
2 1 1924 3253 1928 AND
1 1 1342 1926 INV
1 1 1242 1254 INV
2 1 1306 3989 1304 AND
2 1 1306 3989 1309 AND
1 1 3989 1583 INV
1 1 1575 1574 INV
1 1 3989 1589 INV
1 1 1424 1430 INV
2 1 4147 4149 4341 AND
2 1 2775 4130 4318 AND
1 1 4188 4295 INV
2 1 2881 4352 4350 AND
1 1 4112 4083 INV
1 1 3952 3942 INV
1 1 3941 3947 INV
1 1 900 3993 INV
2 1 876 878 890 XOR
1 1 400 366 INV
2 1 385 3204 4605 AND
1 1 729 721 INV
2 1 731 3223 4609 AND
2 1 571 236 4612 XOR
2 1 1795 1797 1821 AND
2 1 245 3283 1715 XOR
1 1 361 4628 INV
2 1 1925 1926 1917 AND
2 1 261 1254 698 XOR
1 1 1309 1303 INV
2 1 2814 4249 4247 AND
2 1 2811 4238 4232 AND
2 1 4270 4273 2810 AND
1 1 4332 4335 INV
1 1 4341 4336 INV
2 1 199 4318 4315 AND
1 1 4341 4311 INV
1 1 4341 4142 INV
1 1 4175 4174 INV
1 1 4295 4189 INV
2 1 2789 4215 4217 AND
2 1 4222 4223 4224 AND
2 1 2856 4558 4559 AND
1 1 4370 4369 INV
2 1 4364 4365 4368 AND
1 1 4350 4344 INV
1 1 2883 4355 INV
1 1 4057 4060 INV
1 1 4042 4041 INV
1 1 4083 4088 INV
2 1 4067 4068 4070 AND
1 1 4083 4078 INV
1 1 3942 3949 INV
2 1 3625 3947 3932 AND
2 1 3992 3993 4004 AND
2 1 890 4007 3091 AND
1 1 890 901 INV
2 1 366 367 365 AND
2 1 698 3305 696 AND
2 1 698 3333 544 AND
1 1 4628 599 INV
2 1 698 3348 3189 AND
1 1 4628 1776 INV
1 1 1821 1796 INV
1 1 1715 1714 INV
1 1 1715 3282 INV
1 1 1928 1927 INV
2 1 1304 266 1302 AND
2 1 1303 1310 1311 AND
2 1 1580 1583 2940 AND
2 1 1574 1585 1582 AND
2 1 1589 1591 1590 AND
2 1 1430 1585 1429 AND
1 1 4247 4242 INV
1 1 4232 3510 INV
1 1 2810 3512 INV
2 1 4174 4189 4180 AND
1 1 4559 4566 INV
2 1 4345 4355 4349 AND
1 1 4070 4012 INV
1 1 3091 893 INV
2 1 901 902 904 AND
2 1 234 721 684 XOR
1 1 3189 646 INV
2 1 1796 3197 1824 AND
2 1 1714 4170 460 XOR
1 1 1715 1722 INV
2 1 244 3282 1696 XOR
1 1 698 4633 INV
1 1 1302 1307 INV
1 1 1311 1308 INV
2 1 3510 3512 3509 AND
2 1 4242 4243 4234 AND
2 1 3510 3512 4228 AND
2 1 3510 3512 4233 AND
2 1 4336 4339 4338 AND
2 1 4311 4313 4312 AND
2 1 2776 4142 4321 AND
1 1 4217 4216 INV
2 1 4224 4225 4213 AND
1 1 4368 4367 INV
1 1 4349 2882 INV
2 1 4059 4060 4062 AND
2 1 4041 4064 4043 AND
2 1 4088 4089 4091 AND
2 1 4076 4078 4077 AND
2 1 3949 3951 3950 AND
2 1 3932 3933 3931 AND
2 1 4004 4005 4001 AND
1 1 904 3090 INV
1 1 460 468 INV
1 1 365 364 INV
1 1 696 695 INV
2 1 683 684 680 AND
1 1 544 543 INV
2 1 598 599 595 AND
1 1 646 3188 INV
2 1 1775 1776 1782 AND
1 1 4633 1763 INV
1 1 1824 3200 INV
1 1 1696 3265 INV
2 1 1722 1732 3260 AND
2 1 1721 1722 1719 AND
2 1 1917 1927 1931 AND
2 1 1307 1308 1305 AND
1 1 2940 1594 INV
2 1 1572 1582 1581 AND
1 1 1590 1588 INV
2 1 1425 1429 1431 AND
1 1 4233 4227 INV
1 1 4213 4179 INV
1 1 4062 4011 INV
1 1 4043 4056 INV
1 1 3931 3945 INV
1 1 4001 3962 INV
2 1 213 893 899 XOR
2 1 214 3090 898 XOR
2 1 362 364 4604 AND
2 1 694 695 660 AND
2 1 543 3216 740 AND
2 1 237 3188 600 XOR
2 1 238 3200 4620 XOR
1 1 3260 473 INV
1 1 1696 1729 INV
1 1 1931 1918 INV
1 1 1305 1655 INV
1 1 1581 4640 INV
1 1 1431 4642 INV
1 1 3509 3508 INV
2 1 4234 4241 2816 AND
2 1 3513 4228 4229 AND
2 1 4227 4241 2817 AND
1 1 4338 4333 INV
1 1 4312 4316 INV
1 1 4321 4320 INV
2 1 4179 4180 2794 AND
2 1 4216 204 4214 AND
2 1 4367 4369 4366 AND
2 1 2882 4344 4347 AND
2 1 4011 4012 4018 AND
2 1 4011 4012 3113 AND
2 1 219 4056 4040 AND
1 1 4091 4090 INV
1 1 4077 4075 INV
2 1 16 3945 3129 AND
1 1 3950 3939 INV
1 1 899 891 INV
1 1 898 892 INV
2 1 468 3136 472 AND
1 1 680 681 INV
1 1 595 594 INV
2 1 600 634 641 AND
1 1 1782 1781 INV
2 1 1763 1769 1770 AND
2 1 1726 3265 1693 AND
2 1 1729 1730 3259 AND
1 1 1719 1718 INV
2 1 1720 1729 1717 AND
1 1 1918 1929 INV
1 1 1655 1289 INV
2 1 1312 1655 2956 AND
2 1 1594 1596 1593 AND
2 1 1588 1596 1587 AND
2 1 3507 3508 3497 AND
1 1 2816 3482 INV
1 1 4229 3484 INV
1 1 2817 4245 INV
1 1 4214 4181 INV
1 1 4366 4529 INV
1 1 4040 4010 INV
2 1 681 3224 4608 AND
2 1 1655 3990 1654 XOR
1 1 1655 1674 INV
1 1 3259 474 INV
2 1 1929 3449 1701 XOR
1 1 2956 1291 INV
1 1 1593 4639 INV
1 1 1587 4641 INV
2 1 3481 3484 2826 AND
1 1 3497 3492 INV
2 1 3484 3496 2820 AND
1 1 3497 3511 INV
2 1 3484 3496 2815 AND
2 1 3484 4245 4230 AND
2 1 4333 4335 4334 AND
2 1 4315 4316 4317 AND
2 1 4318 4320 4319 AND
2 1 2794 4181 4178 AND
2 1 4529 4566 2861 AND
2 1 4529 4566 4568 AND
2 1 4529 4566 4561 AND
1 1 4347 4346 INV
2 1 4009 4010 4023 AND
2 1 4010 4019 4054 AND
2 1 4090 4093 4092 AND
2 1 4075 4081 4074 AND
2 1 3939 3940 3938 AND
2 1 891 892 895 AND
1 1 472 471 INV
2 1 473 474 483 AND
2 1 594 615 611 AND
2 1 1781 1784 1778 AND
1 1 1770 1765 INV
1 1 1674 1658 INV
1 1 1674 1662 INV
2 1 888 1674 1704 AND
1 1 1701 1699 INV
1 1 1693 1692 INV
2 1 473 474 3264 AND
1 1 1717 1716 INV
2 1 1285 1289 1284 AND
1 1 3484 3495 INV
2 1 2815 3482 3450 AND
1 1 4334 4300 INV
1 1 4317 4296 INV
1 1 4319 4314 INV
1 1 4178 4293 INV
2 1 2861 3513 4511 AND
1 1 4092 4016 INV
1 1 4074 4087 INV
1 1 3938 3944 INV
1 1 1654 508 INV
1 1 1704 1667 INV
1 1 3264 1690 INV
2 1 1716 1718 511 AND
2 1 486 1701 1933 AND
1 1 3450 3426 INV
2 1 2826 3482 3480 AND
1 1 3495 2827 INV
2 1 2820 3482 3527 AND
1 1 3495 2824 INV
1 1 3450 3517 INV
1 1 4230 4244 INV
2 1 4299 4300 2777 AND
2 1 4299 4300 4325 AND
2 1 4314 4322 4323 AND
1 1 4511 2868 INV
1 1 4511 2860 INV
1 1 4568 4567 INV
2 1 3513 4561 2858 AND
2 1 4241 4346 4348 AND
2 1 4018 4023 4022 AND
2 1 3113 4054 4053 AND
2 1 4012 4087 4069 AND
2 1 3129 3944 3943 AND
1 1 895 894 INV
2 1 461 471 459 AND
1 1 483 485 INV
1 1 511 525 INV
2 1 486 508 506 AND
2 1 592 611 610 AND
2 1 1778 1779 1777 AND
1 1 508 1679 INV
2 1 1657 1658 1660 AND
2 1 1662 1665 1661 AND
1 1 1690 1682 INV
2 1 1692 4486 1694 AND
2 1 1690 243 1725 AND
2 1 460 511 3262 AND
1 1 1933 1936 INV
1 1 1284 1287 INV
1 1 3480 3486 INV
1 1 3527 3489 INV
2 1 2818 4244 3451 AND
1 1 2777 4285 INV
1 1 4323 4297 INV
2 1 2863 4567 4512 AND
1 1 2858 4553 INV
1 1 4348 4569 INV
1 1 4022 4014 INV
1 1 4053 3761 INV
1 1 3943 3564 INV
1 1 459 462 INV
2 1 484 485 497 AND
1 1 610 4614 INV
1 1 1777 4618 INV
1 1 1694 1697 INV
1 1 3262 1727 INV
2 1 1936 3250 4629 AND
1 1 3451 3427 INV
2 1 2827 3492 3491 AND
2 1 2824 3511 3515 AND
1 1 3451 3518 INV
2 1 4296 4297 4330 AND
1 1 4325 4327 INV
2 1 4296 4297 2779 AND
1 1 4512 4498 INV
1 1 4512 4530 INV
2 1 4512 4565 4570 AND
2 1 4553 4569 2857 AND
2 1 4069 220 3112 AND
2 1 894 897 896 AND
1 1 462 458 INV
1 1 497 495 INV
2 1 524 525 3149 AND
1 1 506 505 INV
1 1 4629 636 INV
1 1 4629 1771 INV
1 1 1660 1659 INV
1 1 1661 1664 INV
2 1 1682 1685 1681 AND
1 1 1697 1691 INV
1 1 1725 1724 INV
1 1 1727 1723 INV
2 1 1287 1291 1286 AND
1 1 4330 4284 INV
1 1 4570 4493 INV
1 1 3112 4020 INV
1 1 3564 3742 INV
1 1 896 3965 INV
2 1 458 230 1116 XOR
2 1 495 3153 4595 AND
1 1 3149 481 INV
2 1 505 3150 509 AND
1 1 4629 686 INV
2 1 1691 4342 487 XOR
2 1 1723 1724 1689 AND
1 1 1286 1278 INV
2 1 3426 3427 3447 AND
1 1 3491 3494 INV
1 1 3515 3514 INV
2 1 2823 3518 3519 AND
2 1 4284 4285 4298 AND
1 1 2779 4326 INV
2 1 2868 4498 4497 AND
2 1 2860 4530 4527 AND
2 1 2857 196 4552 AND
1 1 3742 3736 INV
2 1 4016 4020 3114 AND
2 1 4016 4020 4082 AND
2 1 3962 3965 3996 AND
2 1 3962 3965 4008 AND
1 1 4595 869 INV
2 1 1116 1130 1128 AND
2 1 1116 1169 1205 AND
2 1 1029 1116 1026 AND
2 1 1116 3420 1082 AND
2 1 486 487 3134 AND
2 1 481 482 480 AND
1 1 509 504 INV
2 1 686 1130 685 AND
2 1 686 1169 534 AND
2 1 636 637 633 AND
2 1 1768 1771 1764 AND
2 1 1659 1675 1656 AND
2 1 1664 1667 1663 AND
1 1 1681 1684 INV
2 1 3517 3519 3525 AND
2 1 4283 4298 4290 AND
2 1 4326 4327 4294 AND
1 1 4552 4495 INV
1 1 4008 3997 INV
1 1 4595 1192 INV
1 1 1116 4593 INV
1 1 3134 444 INV
1 1 480 1167 INV
2 1 504 232 1162 XOR
1 1 685 661 INV
1 1 534 741 INV
1 1 1656 1680 INV
1 1 1663 1668 INV
1 1 487 1688 INV
2 1 1278 264 332 XOR
1 1 3447 3446 INV
2 1 3494 3496 3493 AND
1 1 3525 2822 INV
2 1 3481 3514 3516 AND
1 1 4290 4289 INV
1 1 4294 4324 INV
1 1 4497 4500 INV
2 1 4493 4495 4490 AND
2 1 4493 4495 4544 AND
2 1 4493 4495 4524 AND
1 1 4527 4526 INV
2 1 4493 4495 4564 AND
2 1 3114 4019 4017 AND
2 1 4009 4082 3109 AND
2 1 3963 3996 3995 AND
2 1 3994 3997 3092 AND
2 1 869 3164 868 AND
1 1 1128 1127 INV
2 1 1162 3305 1173 AND
2 1 1167 1169 1152 AND
2 1 1169 1192 1191 AND
1 1 1205 1204 INV
2 1 1162 3333 1018 AND
1 1 1026 1030 INV
2 1 1029 1192 1037 AND
1 1 1082 1081 INV
2 1 1192 3420 1111 AND
2 1 1029 1167 413 AND
2 1 444 231 456 AND
1 1 444 3133 INV
2 1 332 486 3142 AND
2 1 332 8 380 AND
2 1 660 661 658 AND
2 1 740 741 739 AND
1 1 633 632 INV
1 1 1764 1767 INV
1 1 332 1670 INV
1 1 1680 1676 INV
1 1 1668 1666 INV
2 1 1688 1689 1683 AND
1 1 3493 3485 INV
1 1 3516 3488 INV
1 1 4544 4535 INV
1 1 4017 4013 INV
1 1 3109 3762 INV
1 1 3995 3967 INV
1 1 3092 3968 INV
2 1 1126 1127 1119 AND
1 1 1173 1121 INV
2 1 1204 3182 1223 AND
1 1 1018 1222 INV
2 1 1030 3176 1023 AND
2 1 1081 3172 1041 AND
1 1 456 445 INV
1 1 1167 4596 INV
1 1 1162 4598 INV
1 1 3142 355 INV
2 1 329 332 4602 XOR
1 1 380 340 INV
2 1 1676 3994 345 XOR
2 1 932 1666 306 XOR
1 1 332 4635 INV
2 1 3446 3449 3448 AND
2 1 3485 3486 2829 AND
2 1 3488 3489 2821 AND
2 1 3488 3489 3529 AND
2 1 2781 4324 4329 AND
2 1 3496 4500 4499 AND
1 1 4490 4494 INV
2 1 3496 4535 4533 AND
1 1 4524 4523 INV
2 1 3481 4526 4528 AND
1 1 4564 4563 INV
2 1 3761 3762 2846 AND
2 1 3761 3762 4033 AND
2 1 3761 3762 3119 AND
2 1 4013 4014 4021 AND
2 1 3761 3762 4055 AND
2 1 3967 3968 3964 AND
1 1 4596 833 INV
1 1 868 871 INV
2 1 1119 1121 1115 AND
1 1 1152 1151 INV
1 1 1191 1190 INV
2 1 1222 1223 1208 AND
1 1 4598 3175 INV
1 1 1037 1036 INV
1 1 4598 3174 INV
1 1 1111 1113 INV
1 1 4596 433 INV
1 1 413 412 INV
2 1 488 3133 489 AND
2 1 306 486 3147 AND
2 1 354 355 348 AND
2 1 339 340 336 AND
1 1 658 659 INV
1 1 739 738 INV
2 1 632 641 640 AND
2 1 1760 1767 1766 AND
1 1 306 1678 INV
1 1 345 1677 INV
2 1 1683 1684 1687 AND
1 1 3448 3454 INV
1 1 4499 4515 INV
2 1 4491 4494 4503 AND
2 1 4523 4525 4547 AND
1 1 4528 4532 INV
2 1 4562 4563 4509 AND
1 1 2846 3775 INV
2 1 3119 4024 4025 AND
1 1 3964 3575 INV
2 1 829 833 788 AND
2 1 1151 3157 1174 AND
2 1 1190 3184 1196 AND
2 1 1036 3169 1060 AND
2 1 1112 1113 1108 AND
2 1 412 414 440 AND
1 1 489 448 INV
1 1 3147 323 INV
2 1 345 486 844 AND
1 1 348 1155 INV
2 1 659 3202 4607 AND
2 1 738 3221 4611 AND
1 1 640 4615 INV
1 1 1687 1706 INV
2 1 3454 3455 2807 AND
2 1 2829 3449 3483 AND
2 1 2821 3490 3487 AND
1 1 3529 3528 INV
1 1 4329 4328 INV
1 1 4509 2867 INV
1 1 4503 4514 INV
2 1 3449 4515 4496 AND
1 1 4509 4540 INV
2 1 4533 4536 4534 AND
1 1 4547 2865 INV
1 1 4509 2862 INV
2 1 4532 195 4531 AND
1 1 3575 3739 INV
2 1 3763 3775 2845 AND
1 1 4025 4035 INV
1 1 4033 4034 INV
2 1 3763 4021 3118 AND
2 1 4024 4055 3115 AND
2 1 788 223 805 AND
1 1 788 802 INV
1 1 844 859 INV
1 1 1115 1120 INV
2 1 1155 3333 1198 AND
1 1 844 3186 INV
1 1 1208 1207 INV
2 1 1020 3175 1019 AND
2 1 1084 3174 1039 AND
2 1 433 436 434 AND
2 1 445 448 443 AND
2 1 322 323 313 AND
1 1 844 314 INV
1 1 336 337 INV
2 1 1765 1766 1772 AND
2 1 1670 1678 1671 AND
2 1 1677 1679 1669 AND
1 1 1706 1686 INV
1 1 3483 3424 INV
1 1 3487 3453 INV
2 1 2819 3528 3524 AND
1 1 4496 4502 INV
1 1 4534 4510 INV
1 1 4531 4508 INV
1 1 3575 3566 INV
1 1 2845 3772 INV
2 1 3117 4034 4026 AND
1 1 3118 3766 INV
1 1 3115 3771 INV
2 1 1120 3161 4580 AND
1 1 1198 1172 INV
2 1 1207 3181 4584 AND
1 1 313 1122 INV
2 1 314 3144 4600 AND
1 1 1155 4601 INV
2 1 337 3214 4603 AND
1 1 1772 4619 INV
2 1 1669 1671 1673 AND
2 1 1686 242 1702 XOR
2 1 2807 3453 3452 AND
2 1 3424 3453 3425 AND
2 1 3453 3504 2828 AND
1 1 3524 3521 INV
2 1 4295 4328 4331 AND
1 1 4508 4505 INV
1 1 4502 4513 INV
2 1 3449 4510 4537 AND
1 1 4508 4542 INV
1 1 4508 4519 INV
1 1 3566 3755 INV
2 1 3736 3739 3737 AND
2 1 3624 3772 3768 AND
2 1 3625 3771 3769 AND
2 1 3771 3772 3774 AND
2 1 3766 3771 2848 AND
1 1 4026 3116 INV
2 1 3625 3771 3120 AND
1 1 805 804 INV
2 1 801 802 799 AND
1 1 4601 3168 INV
2 1 855 859 854 AND
2 1 1122 3305 1118 AND
2 1 1172 1174 1171 AND
2 1 1178 3186 1176 AND
2 1 1122 3333 1220 AND
1 1 1019 1022 INV
1 1 4600 3171 INV
1 1 1039 1038 INV
1 1 4600 3141 INV
1 1 434 1098 INV
1 1 4601 432 INV
1 1 4601 411 INV
2 1 443 446 442 AND
1 1 1673 1672 INV
1 1 1702 1700 INV
1 1 3452 3440 INV
1 1 3425 3429 INV
1 1 4331 4291 INV
2 1 2862 4519 4548 AND
1 1 2848 3759 INV
2 1 3116 4035 3626 AND
2 1 815 3168 839 AND
1 1 1118 1138 INV
1 1 1220 1189 INV
1 1 442 1183 INV
1 1 1122 4599 INV
2 1 1672 241 1625 XOR
2 1 3625 3626 3623 AND
2 1 3428 3429 2805 AND
2 1 2828 3424 3503 AND
2 1 2822 3521 3520 AND
1 1 4291 2778 INV
2 1 2867 4505 4504 AND
2 1 4513 4514 4517 AND
2 1 4540 4542 4541 AND
1 1 4548 4522 INV
2 1 3768 3769 3770 AND
2 1 3625 3774 3773 AND
2 1 3759 3760 3758 AND
1 1 3626 4032 INV
2 1 3120 3766 4015 AND
1 1 799 798 INV
1 1 839 820 INV
2 1 839 224 816 AND
1 1 854 857 INV
2 1 1136 1138 1135 AND
1 1 1171 1170 INV
1 1 1176 1175 INV
2 1 1169 1183 1218 AND
2 1 1022 1023 1021 AND
1 1 4599 1007 INV
2 1 1058 3171 1056 AND
2 1 1038 1041 1040 AND
1 1 4599 1066 INV
2 1 1105 3141 1104 AND
2 1 432 435 1097 AND
2 1 411 3139 416 AND
2 1 1625 1626 1639 AND
2 1 1700 3267 1698 AND
1 1 2805 3438 INV
1 1 3503 3462 INV
1 1 3770 3733 INV
1 1 3773 3728 INV
1 1 3758 3611 INV
1 1 4015 3765 INV
2 1 1170 3156 4581 AND
1 1 1021 4585 INV
1 1 1040 4588 INV
1 1 1183 4594 INV
2 1 1638 1639 4622 AND
2 1 1698 1699 4623 AND
1 1 3623 3622 INV
2 1 3438 3440 3437 AND
1 1 3520 3523 INV
2 1 2778 4289 4288 AND
1 1 4504 4507 INV
1 1 4517 4516 INV
1 1 4541 4538 INV
2 1 2865 4522 4543 AND
2 1 3732 3733 3729 AND
2 1 3611 218 3727 AND
2 1 3611 218 2847 AND
2 1 3764 3765 4030 AND
2 1 4031 4032 4028 AND
2 1 798 803 800 AND
2 1 820 3166 819 AND
1 1 816 818 INV
2 1 857 3305 856 AND
1 1 4594 3159 INV
2 1 1175 3333 1177 AND
1 1 1218 1221 INV
2 1 1005 1007 1011 AND
1 1 4594 1006 INV
1 1 1056 1055 INV
2 1 1066 1080 1067 AND
1 1 4594 1065 INV
1 1 1104 1107 INV
1 1 1097 1100 INV
1 1 416 439 INV
2 1 3621 3622 3610 AND
1 1 3729 3609 INV
2 1 3727 3728 3754 AND
1 1 800 787 INV
2 1 817 818 838 AND
1 1 856 866 INV
1 1 1177 1197 INV
2 1 1221 3180 1188 AND
2 1 3610 3611 3607 AND
1 1 3609 2763 INV
1 1 3437 3436 INV
2 1 3523 3526 3522 AND
1 1 4288 4287 INV
2 1 4507 4510 4506 AND
2 1 3504 4516 4518 AND
2 1 4537 4538 4539 AND
1 1 4543 4546 INV
1 1 3609 3730 INV
1 1 3754 3731 INV
2 1 2847 3728 3776 AND
1 1 4028 4027 INV
1 1 787 3095 INV
1 1 819 837 INV
2 1 865 866 863 AND
2 1 865 866 851 AND
2 1 1131 3159 1133 AND
2 1 1196 1197 1195 AND
2 1 1188 1189 1187 AND
2 1 1006 1012 1013 AND
1 1 1011 1014 INV
2 1 1055 1060 1057 AND
2 1 1065 1068 1061 AND
1 1 1067 1062 INV
2 1 1107 1108 1106 AND
2 1 1100 1103 1099 AND
2 1 439 440 438 AND
2 1 2806 3436 3445 AND
1 1 3522 3463 INV
1 1 4506 4474 INV
1 1 4518 4473 INV
1 1 4539 4466 INV
1 1 3776 3734 INV
2 1 804 3095 792 AND
1 1 1057 4587 INV
1 1 1106 4590 INV
1 1 438 4592 INV
1 1 3607 3608 INV
1 1 3445 3442 INV
2 1 3462 3463 3502 AND
2 1 3462 3463 3498 AND
2 1 3433 3463 2825 AND
2 1 4287 4293 4286 AND
2 1 3490 4474 4471 AND
1 1 4473 2866 INV
2 1 3490 4546 4545 AND
2 1 3730 3731 3751 AND
2 1 3733 3734 3767 AND
2 1 4027 4030 4029 AND
2 1 837 838 836 AND
1 1 863 864 INV
2 1 851 226 3162 AND
1 1 1133 1132 INV
1 1 1195 1194 INV
1 1 1187 1186 INV
1 1 1013 1009 INV
1 1 1061 1064 INV
2 1 1098 1099 1096 AND
2 1 2763 3608 3574 AND
1 1 3502 3464 INV
1 1 4286 3383 INV
1 1 4545 4465 INV
1 1 4029 3617 INV
1 1 836 793 INV
2 1 864 3163 825 AND
1 1 3162 862 INV
2 1 1194 3183 4582 AND
2 1 1185 1186 4583 AND
1 1 1096 4591 INV
1 1 3574 3618 INV
2 1 3612 3617 3606 AND
1 1 3383 2800 INV
2 1 3464 3549 2799 AND
2 1 3498 3499 3500 AND
2 1 2825 3462 3506 AND
2 1 4465 4466 4463 AND
1 1 4471 4472 INV
2 1 4465 4466 4501 AND
2 1 3612 3617 3753 AND
1 1 3751 3750 INV
2 1 3732 3767 2849 AND
2 1 792 793 789 AND
1 1 825 824 INV
2 1 862 871 870 AND
2 1 1132 1135 1134 AND
2 1 1009 1017 1008 AND
2 1 1064 1072 1063 AND
1 1 3606 3572 INV
1 1 3383 3639 INV
1 1 2799 3466 INV
1 1 3500 3457 INV
1 1 3506 3422 INV
2 1 2866 4472 3548 AND
1 1 4501 4492 INV
1 1 2849 3740 INV
2 1 3612 3617 3741 AND
1 1 870 826 INV
1 1 1134 853 INV
1 1 3548 3561 INV
1 1 3572 3614 INV
1 1 3639 2802 INV
2 1 3422 193 3505 AND
1 1 3548 4468 INV
1 1 4463 4462 INV
2 1 3526 4492 2864 AND
2 1 3750 3753 3752 AND
2 1 3740 3741 3735 AND
1 1 789 790 INV
1 1 826 3167 INV
2 1 853 114 1137 AND
2 1 1008 1014 1010 AND
2 1 1062 1063 1070 AND
1 1 3422 3636 INV
1 1 3505 3458 INV
2 1 4462 4464 3547 AND
1 1 3548 3431 INV
1 1 2864 3432 INV
1 1 3752 3565 INV
2 1 790 3097 4577 AND
1 1 1137 858 INV
1 1 1010 4586 INV
1 1 1070 4589 INV
1 1 3547 3545 INV
2 1 3565 3566 3578 AND
2 1 3614 3618 3613 AND
1 1 3636 2803 INV
2 1 3431 3432 3472 AND
2 1 3458 3466 3465 AND
1 1 3547 2786 INV
2 1 3432 3433 4476 AND
2 1 3564 3565 2854 AND
1 1 3735 3738 INV
2 1 824 3167 823 AND
1 1 858 3165 INV
2 1 3737 3738 3744 AND
2 1 227 3165 4579 XOR
2 1 3545 3561 3546 AND
2 1 3564 3578 3577 AND
1 1 3613 3616 INV
2 1 2803 3442 3441 AND
2 1 3472 3473 3430 AND
2 1 3457 3465 3467 AND
2 1 2786 4468 4467 AND
2 1 3431 4476 4475 AND
1 1 3744 3756 INV
1 1 2854 3757 INV
1 1 823 822 INV
2 1 3544 3546 3393 AND
1 1 3577 3569 INV
1 1 3430 3394 INV
1 1 3467 3461 INV
1 1 4475 3471 INV
2 1 3755 3757 3743 AND
1 1 3393 3554 INV
2 1 3564 3616 3615 AND
1 1 3441 3444 INV
2 1 3471 194 3470 AND
2 1 3461 21 3456 AND
1 1 4467 4470 INV
1 1 3743 2853 INV
2 1 822 114 821 AND
1 1 3394 3400 INV
1 1 3615 3576 INV
1 1 3470 3423 INV
2 1 2853 3756 3604 AND
1 1 821 828 INV
1 1 3400 3399 INV
2 1 3551 3554 3550 AND
2 1 3575 3576 3573 AND
2 1 2 3604 3603 AND
2 1 3444 21 3443 AND
2 1 3391 3423 3435 AND
1 1 3456 3460 INV
2 1 3549 4470 4469 AND
1 1 828 827 INV
1 1 3573 3568 INV
1 1 3443 3381 INV
2 1 2800 3460 3560 AND
1 1 4469 3390 INV
1 1 3604 3701 INV
2 1 827 225 4578 XOR
2 1 3390 3391 3552 AND
1 1 3550 3553 INV
2 1 3568 3569 2765 AND
1 1 3603 3602 INV
2 1 3390 3394 2801 AND
2 1 3390 3471 2785 AND
1 1 3701 3747 INV
2 1 3601 3602 3619 AND
2 1 3552 3553 3555 AND
2 1 2765 2 3567 AND
1 1 3619 3597 INV
2 1 2801 3435 3434 AND
2 1 2785 3391 4489 AND
2 1 3747 3749 3748 AND
1 1 3555 3401 INV
1 1 3567 3342 INV
1 1 3434 3640 INV
1 1 4489 3558 INV
2 1 3341 3342 3356 AND
1 1 3401 3397 INV
2 1 3558 3560 3557 AND
2 1 3558 192 2769 AND
2 1 3341 3342 3570 AND
2 1 3597 3599 3598 AND
2 1 3381 3640 3637 AND
2 1 3558 192 3479 AND
2 1 3558 3560 3459 AND
1 1 3748 3746 INV
1 1 3356 3347 INV
2 1 2769 3560 3563 AND
1 1 3459 3475 INV
2 1 3343 3347 2757 AND
2 1 3397 3399 3398 AND
1 1 3563 3559 INV
1 1 3557 3556 INV
1 1 3570 3571 INV
1 1 3598 3595 INV
1 1 3637 3638 INV
2 1 3479 3560 3478 AND
2 1 3475 3476 3474 AND
2 1 3703 3746 3745 AND
1 1 2757 3306 INV
2 1 2768 3556 3562 AND
2 1 2767 3571 3380 AND
2 1 2802 3638 3627 AND
1 1 3478 3468 INV
1 1 3474 3469 INV
1 1 3745 4576 INV
2 1 3305 3306 3303 AND
2 1 3306 3333 3330 AND
1 1 3380 3375 INV
2 1 3306 3348 3344 AND
1 1 3398 3396 INV
1 1 3562 2770 INV
1 1 3380 2766 INV
2 1 3594 3595 3596 AND
1 1 3627 3644 INV
2 1 3468 3469 3477 AND
2 1 2770 3559 3389 AND
1 1 3596 3582 INV
1 1 3477 3628 INV
1 1 3303 3302 INV
1 1 3330 3334 INV
2 1 3375 3376 3373 AND
1 1 3344 3346 INV
2 1 3381 3396 3395 AND
2 1 2766 3589 3588 AND
1 1 3628 2804 INV
2 1 2758 3334 3326 AND
2 1 3373 3374 3369 AND
2 1 3345 3346 3371 AND
1 1 3395 3382 INV
2 1 2762 3302 3312 AND
1 1 3369 3365 INV
1 1 3371 3362 INV
2 1 3382 3383 3402 AND
1 1 3588 3587 INV
2 1 2804 3644 3643 AND
1 1 3402 3388 INV
2 1 3362 3365 3358 AND
2 1 3388 3389 3384 AND
2 1 3587 3592 3586 AND
1 1 3643 3642 INV
1 1 3586 3580 INV
1 1 3358 3361 INV
1 1 3384 3386 INV
2 1 3580 3582 3591 AND
2 1 2 3642 3641 AND
2 1 3385 3386 3417 AND
1 1 3641 3542 INV
2 1 3361 3372 3360 AND
1 1 3417 2771 INV
2 1 3541 3542 3540 AND
1 1 3591 3581 INV
1 1 3542 3629 INV
2 1 2764 3581 3410 AND
2 1 2771 3415 3414 AND
1 1 3540 3539 INV
2 1 3629 3632 3631 AND
2 1 3538 3539 3314 AND
1 1 3314 3308 INV
1 1 3314 3338 INV
1 1 3314 3379 INV
1 1 3414 3413 INV
1 1 3314 3531 INV
1 1 3631 3634 INV
2 1 2761 3308 3310 AND
2 1 2759 3338 3337 AND
2 1 3363 3379 3364 AND
2 1 3413 3419 3412 AND
2 1 3531 3533 3532 AND
2 1 3633 3634 3630 AND
1 1 3412 3403 INV
2 1 3530 3532 3409 AND
1 1 3630 4575 INV
1 1 3310 3309 INV
1 1 3337 3340 INV
1 1 3364 3359 INV
1 1 3409 2772 INV
2 1 3403 3420 3418 AND
2 1 3309 3312 3307 AND
2 1 3326 3340 3339 AND
2 1 3359 3360 3367 AND
1 1 3418 3421 INV
1 1 3339 3329 INV
1 1 3367 4573 INV
2 1 2773 3421 3411 AND
1 1 3307 3301 INV
2 1 3301 114 3313 AND
2 1 114 3329 3336 AND
1 1 3411 3406 INV
1 1 3336 4572 INV
1 1 3313 4571 INV
2 1 2772 3406 3405 AND
1 1 3405 3408 INV
2 1 3408 3410 3407 AND
1 1 3407 4574 INV