935 1104
3 64 64 41
1 32

1 1 97 811 INV
1 1 37 809 INV
1 1 39 810 INV
1 1 83 814 INV
1 1 154 815 INV
1 1 13 812 INV
1 1 10 813 INV
1 1 11 803 INV
1 1 129 804 INV
1 1 128 801 INV
1 1 3 802 INV
1 1 142 807 INV
1 1 118 808 INV
1 1 14 805 INV
1 1 16 806 INV
1 1 17 763 INV
1 1 7 764 INV
1 1 9 761 INV
1 1 123 762 INV
1 1 75 767 INV
1 1 133 768 INV
1 1 135 765 INV
1 1 144 766 INV
1 1 33 755 INV
1 1 34 756 INV
1 1 15 753 INV
1 1 38 754 INV
1 1 113 759 INV
1 1 93 760 INV
1 1 150 757 INV
1 1 29 758 INV
1 1 30 747 INV
1 1 164 748 INV
1 1 31 745 INV
1 1 32 746 INV
1 1 52 751 INV
1 1 56 752 INV
1 1 58 749 INV
1 1 4 750 INV
1 1 63 739 INV
1 1 68 740 INV
1 1 69 737 INV
1 1 72 738 INV
1 1 18 743 INV
1 1 95 744 INV
1 1 40 741 INV
1 1 0 742 INV
1 1 78 795 INV
1 1 153 796 INV
1 1 132 793 INV
1 1 1 794 INV
1 1 103 799 INV
1 1 81 800 INV
1 1 141 797 INV
1 1 8 798 INV
1 1 35 787 INV
1 1 120 788 INV
1 1 122 785 INV
1 1 5 786 INV
1 1 6 791 INV
1 1 36 792 INV
1 1 74 789 INV
1 1 145 790 INV
1 1 146 779 INV
1 1 149 780 INV
1 1 88 777 INV
1 1 86 778 INV
1 1 99 783 INV
1 1 112 784 INV
1 1 111 781 INV
1 1 89 782 INV
1 1 94 771 INV
1 1 106 772 INV
1 1 105 769 INV
1 1 160 770 INV
1 1 162 775 INV
1 1 161 776 INV
1 1 165 773 INV
1 1 168 774 INV
1 1 44 906 INV
1 1 47 907 INV
1 1 50 904 INV
1 1 57 905 INV
1 1 55 910 INV
1 1 59 911 INV
1 1 62 908 INV
1 1 70 909 INV
1 1 71 898 INV
2 1 28 19 899 AND
1 1 899 896 INV
2 1 158 764 897 XOR
2 1 761 897 902 AND
2 1 902 43 903 XOR
2 1 7 9 900 AND
2 1 900 136 901 XOR
2 1 5 6 890 AND
2 1 6 786 891 XOR
2 1 891 901 888 AND
2 1 888 903 889 AND
2 1 761 764 894 AND
1 1 894 895 INV
2 1 901 147 892 XOR
2 1 892 895 893 AND
1 1 893 882 INV
2 1 125 786 883 XOR
2 1 791 883 880 AND
1 1 880 881 INV
2 1 890 114 886 XOR
2 1 881 886 887 AND
2 1 882 887 884 AND
1 1 884 885 INV
2 1 54 889 938 XOR
2 1 885 938 939 AND
1 1 939 936 INV
2 1 4 3 937 AND
2 1 750 802 942 AND
1 1 942 943 INV
2 1 92 937 940 XOR
2 1 940 943 941 AND
1 1 941 930 INV
2 1 1 2 931 XOR
2 1 2 794 928 XOR
2 1 800 928 929 AND
1 1 929 934 INV
2 1 799 934 935 AND
1 1 935 932 INV
2 1 930 932 933 AND
1 1 933 922 INV
2 1 935 941 923 AND
1 1 923 920 INV
2 1 800 920 921 AND
1 1 921 926 INV
2 1 926 931 927 AND
1 1 927 924 INV
2 1 922 924 925 AND
1 1 925 914 INV
2 1 65 925 915 XOR
2 1 915 936 912 AND
2 1 789 912 913 XOR
2 1 914 939 918 AND
2 1 767 918 919 XOR
2 1 913 919 916 AND
1 1 916 917 INV
2 1 896 916 842 AND
2 1 925 936 843 XOR
2 1 925 939 840 XOR
2 1 42 899 841 XOR
2 1 42 896 846 XOR
2 1 840 841 847 AND
1 1 847 844 INV
2 1 76 842 845 XOR
2 1 844 845 834 AND
2 1 33 37 835 XOR
2 1 835 41 832 XOR
2 1 753 29 833 XOR
2 1 15 29 838 XOR
2 1 832 833 839 XOR
2 1 832 838 836 XOR
2 1 834 836 837 AND
1 1 837 826 INV
2 1 834 836 827 XOR
2 1 834 839 824 XOR
2 1 32 24 825 XOR
2 1 825 139 830 XOR
2 1 36 0 831 XOR
2 1 830 831 828 XOR
2 1 16 14 829 AND
2 1 805 806 818 AND
1 1 818 819 INV
2 1 808 829 816 XOR
2 1 816 819 817 AND
1 1 817 822 INV
2 1 17 18 823 AND
2 1 823 119 820 XOR
2 1 820 822 821 AND
2 1 121 743 874 XOR
2 1 763 874 875 AND
2 1 785 875 872 XOR
2 1 821 872 873 AND
2 1 743 763 878 AND
2 1 788 878 879 XOR
2 1 820 879 876 AND
1 1 876 877 INV
2 1 817 877 866 AND
1 1 866 867 INV
2 1 762 873 864 XOR
2 1 864 867 865 AND
2 1 28 22 870 AND
2 1 865 870 871 XOR
2 1 138 936 868 XOR
2 1 868 871 869 XOR
2 1 137 869 858 AND
2 1 828 858 859 XOR
1 1 859 856 INV
2 1 28 20 857 AND
1 1 857 862 INV
2 1 803 124 863 XOR
2 1 813 863 860 AND
2 1 860 126 861 XOR
2 1 11 10 850 AND
1 1 850 851 INV
2 1 13 12 848 AND
1 1 848 849 INV
2 1 812 12 854 XOR
2 1 851 854 855 AND
2 1 855 861 852 AND
2 1 127 852 853 XOR
2 1 803 813 1034 AND
1 1 1034 1035 INV
2 1 11 813 1032 XOR
2 1 804 128 1033 AND
2 1 1032 1033 1038 AND
1 1 1038 1039 INV
2 1 1035 129 1036 AND
1 1 1036 1037 INV
2 1 801 851 1026 AND
1 1 1026 1027 INV
2 1 1027 1037 1024 AND
2 1 1024 1039 1025 AND
1 1 1025 1030 INV
2 1 849 1030 1031 AND
2 1 130 12 1028 XOR
2 1 812 1028 1029 AND
2 1 1029 131 1018 XOR
2 1 1018 1031 1019 AND
2 1 793 1019 1016 XOR
2 1 853 1016 1017 AND
2 1 865 1017 1022 AND
2 1 865 1017 1023 XOR
2 1 862 1023 1020 AND
2 1 133 1023 1021 AND
1 1 1021 1010 INV
2 1 862 117 1011 XOR
2 1 768 1022 1008 AND
1 1 1008 1009 INV
2 1 1009 1010 1014 AND
2 1 1011 1014 1015 AND
1 1 1015 1012 INV
2 1 134 1020 1013 XOR
2 1 1012 1013 1066 AND
1 1 1066 1067 INV
2 1 115 116 1064 XOR
2 1 39 34 1065 XOR
2 1 1064 1065 1070 XOR
2 1 38 30 1071 XOR
2 1 1070 1071 1068 XOR
2 1 1067 1068 1069 AND
1 1 1069 1058 INV
2 1 1066 1068 1059 XOR
2 1 145 1058 1056 AND
1 1 1056 1057 INV
2 1 790 1059 1062 AND
1 1 1062 1063 INV
2 1 1057 1063 1060 AND
2 1 824 1060 1061 AND
1 1 1061 1050 INV
2 1 899 917 1051 AND
2 1 843 846 1048 AND
2 1 1048 148 1049 XOR
2 1 779 1051 1054 XOR
2 1 1049 1054 1055 AND
1 1 1055 1052 INV
2 1 839 1052 1053 AND
1 1 1053 1042 INV
2 1 826 1059 1043 AND
2 1 1042 1043 1040 AND
1 1 1040 1041 INV
2 1 1041 1050 1046 AND
1 1 1046 1047 INV
2 1 856 1047 1044 AND
1 1 1044 1045 INV
2 1 1044 149 970 AND
1 1 970 971 INV
2 1 28 21 968 AND
1 1 968 969 INV
2 1 141 968 974 AND
1 1 974 975 INV
2 1 797 969 972 AND
1 1 972 973 INV
2 1 973 1017 962 XOR
2 1 915 962 963 XOR
2 1 963 975 960 AND
2 1 960 140 961 AND
1 1 961 966 INV
2 1 8 35 967 XOR
2 1 31 40 964 XOR
2 1 964 967 965 XOR
2 1 965 966 954 XOR
2 1 961 965 955 XOR
2 1 807 955 952 AND
1 1 952 953 INV
2 1 807 960 958 AND
1 1 958 959 INV
2 1 954 959 956 AND
1 1 956 957 INV
2 1 953 957 946 AND
2 1 143 946 947 XOR
1 1 947 944 INV
2 1 765 1059 945 XOR
1 1 945 950 INV
2 1 827 950 951 AND
2 1 859 951 948 AND
1 1 948 949 INV
2 1 780 949 1002 AND
2 1 1002 1045 1003 AND
1 1 1003 1000 INV
2 1 944 1000 1001 AND
2 1 971 1001 1006 AND
2 1 757 1006 1007 XOR
2 1 856 947 1004 AND
2 1 951 1004 1005 AND
2 1 766 1005 994 XOR
2 1 994 1007 995 AND
1 1 995 992 INV
2 1 28 27 993 AND
2 1 96 31 998 XOR
2 1 96 745 999 XOR
2 1 746 998 996 AND
1 1 996 997 INV
2 1 32 745 986 AND
1 1 986 987 INV
2 1 987 997 984 AND
2 1 744 984 985 AND
2 1 811 985 990 XOR
2 1 985 97 991 XOR
2 1 29 30 988 XOR
2 1 758 30 989 XOR
2 1 984 989 978 AND
1 1 978 979 INV
2 1 978 990 976 AND
1 1 976 977 INV
2 1 988 991 982 AND
1 1 982 983 INV
2 1 989 991 980 AND
1 1 980 981 INV
2 1 979 990 315 AND
1 1 315 316 INV
2 1 977 983 313 AND
2 1 316 981 314 AND
2 1 314 107 319 XOR
2 1 809 810 320 AND
2 1 320 795 317 XOR
2 1 39 37 318 AND
1 1 318 307 INV
2 1 307 84 308 XOR
2 1 308 317 305 AND
1 1 305 306 INV
2 1 40 0 311 AND
2 1 80 311 312 XOR
2 1 741 742 309 AND
1 1 309 310 INV
2 1 310 312 299 AND
2 1 299 306 300 AND
1 1 300 297 INV
2 1 82 312 298 XOR
2 1 298 310 303 AND
1 1 303 304 INV
2 1 79 317 301 XOR
2 1 301 307 302 AND
2 1 302 304 291 AND
2 1 291 814 292 XOR
2 1 292 297 289 AND
1 1 289 290 INV
2 1 289 90 295 XOR
2 1 295 319 296 AND
1 1 296 293 INV
2 1 289 314 294 AND
1 1 294 347 INV
2 1 293 347 348 AND
1 1 348 345 INV
2 1 345 993 346 AND
1 1 346 351 INV
2 1 348 993 352 XOR
2 1 151 152 349 XOR
2 1 4 9 350 XOR
2 1 349 350 339 XOR
2 1 812 18 340 XOR
2 1 339 340 337 XOR
2 1 337 352 338 AND
1 1 338 343 INV
2 1 337 796 344 XOR
2 1 351 815 341 AND
1 1 341 342 INV
2 1 154 352 331 AND
1 1 331 332 INV
2 1 332 344 329 AND
2 1 329 342 330 AND
2 1 155 330 335 XOR
2 1 335 343 336 AND
1 1 336 333 INV
2 1 336 992 334 AND
2 1 1 5 323 XOR
2 1 813 14 324 XOR
2 1 323 324 321 XOR
2 1 321 94 322 XOR
2 1 321 771 327 XOR
2 1 28 23 328 AND
1 1 328 325 INV
2 1 15 38 326 AND
1 1 326 251 INV
2 1 753 754 252 AND
1 1 252 249 INV
2 1 326 100 250 XOR
2 1 249 250 255 AND
1 1 255 256 INV
2 1 24 8 253 AND
1 1 253 254 INV
2 1 24 102 243 XOR
2 1 798 101 244 XOR
2 1 243 244 241 AND
1 1 241 242 INV
2 1 242 254 247 AND
2 1 247 256 248 AND
2 1 753 98 245 XOR
2 1 245 754 246 AND
1 1 246 235 INV
2 1 24 8 236 XOR
2 1 236 99 233 AND
1 1 233 234 INV
2 1 253 783 239 AND
1 1 239 240 INV
2 1 240 251 237 AND
2 1 234 237 238 AND
2 1 235 238 227 AND
1 1 227 228 INV
2 1 248 104 225 XOR
2 1 225 228 226 AND
1 1 226 231 INV
2 1 226 314 232 AND
1 1 232 229 INV
2 1 231 313 230 AND
1 1 230 283 INV
2 1 226 313 284 XOR
2 1 769 106 281 AND
2 1 281 284 282 AND
1 1 282 287 INV
2 1 283 105 288 AND
1 1 288 285 INV
2 1 229 772 286 AND
1 1 286 275 INV
2 1 275 285 276 AND
2 1 276 287 273 AND
1 1 273 274 INV
2 1 274 328 279 AND
1 1 279 280 INV
2 1 226 108 277 XOR
2 1 277 319 278 AND
1 1 278 267 INV
2 1 229 267 268 AND
1 1 268 265 INV
2 1 268 325 266 AND
1 1 266 271 INV
2 1 271 280 272 AND
2 1 272 322 269 AND
2 1 272 327 270 XOR
1 1 270 259 INV
2 1 28 25 260 AND
1 1 260 257 INV
2 1 34 33 258 AND
2 1 34 33 263 XOR
2 1 35 36 264 AND
2 1 264 85 261 XOR
2 1 261 778 262 XOR
2 1 787 792 443 AND
1 1 443 444 INV
2 1 443 87 441 XOR
2 1 262 441 442 AND
1 1 442 447 INV
2 1 263 447 448 AND
1 1 448 445 INV
2 1 263 88 446 AND
1 1 446 435 INV
2 1 258 777 436 AND
1 1 436 433 INV
2 1 433 435 434 AND
2 1 261 434 439 AND
2 1 439 444 440 AND
1 1 440 437 INV
2 1 437 445 438 AND
1 1 438 427 INV
2 1 295 427 428 AND
1 1 428 425 INV
2 1 289 438 426 AND
1 1 426 431 INV
2 1 431 91 432 AND
1 1 432 429 INV
2 1 428 91 430 AND
1 1 430 419 INV
2 1 425 429 420 AND
1 1 420 417 INV
2 1 417 419 418 AND
2 1 257 418 423 AND
1 1 423 424 INV
2 1 290 427 421 AND
1 1 421 422 INV
2 1 431 89 475 AND
2 1 422 475 476 AND
1 1 476 473 INV
2 1 421 782 474 AND
1 1 474 479 INV
2 1 260 479 480 AND
2 1 473 480 477 AND
1 1 477 478 INV
2 1 424 478 467 AND
1 1 467 468 INV
2 1 11 16 465 XOR
2 1 465 77 466 XOR
2 1 2 6 471 XOR
2 1 466 471 472 XOR
1 1 472 469 INV
2 1 468 472 470 AND
1 1 470 459 INV
2 1 467 469 460 AND
1 1 460 457 INV
2 1 457 93 458 AND
2 1 458 459 463 AND
1 1 463 464 INV
2 1 470 760 461 AND
1 1 461 462 INV
2 1 462 464 451 AND
1 1 451 452 INV
2 1 270 452 449 AND
2 1 226 438 450 AND
2 1 450 784 455 XOR
2 1 277 427 456 AND
1 1 456 453 INV
2 1 28 26 454 AND
2 1 454 111 379 XOR
2 1 454 781 380 XOR
2 1 379 759 377 AND
1 1 377 378 INV
2 1 378 455 383 AND
2 1 383 453 384 AND
2 1 380 113 381 AND
2 1 109 110 382 XOR
2 1 7 3 371 XOR
2 1 371 382 372 XOR
2 1 763 12 369 XOR
2 1 369 372 370 XOR
2 1 370 381 375 XOR
2 1 375 384 376 XOR
1 1 376 373 INV
2 1 376 449 374 AND
2 1 334 374 363 AND
2 1 363 824 364 AND
1 1 364 361 INV
2 1 361 15 362 AND
1 1 362 367 INV
2 1 992 157 368 XOR
2 1 333 159 365 XOR
1 1 365 366 INV
2 1 366 368 355 AND
2 1 355 374 356 AND
2 1 827 156 353 XOR
2 1 245 353 354 AND
2 1 354 356 359 AND
1 1 359 360 INV
2 1 360 367 357 AND
1 1 357 1072 INV
2 1 363 945 358 AND
2 1 356 945 411 AND
1 1 411 412 INV
2 1 358 38 409 AND
1 1 409 410 INV
2 1 412 754 415 AND
1 1 415 416 INV
2 1 410 416 1073 AND
2 1 363 947 413 AND
1 1 413 414 INV
2 1 414 8 403 AND
1 1 403 404 INV
2 1 244 947 401 AND
2 1 356 401 402 AND
2 1 402 770 407 XOR
2 1 404 407 408 AND
1 1 408 1074 INV
2 1 243 859 405 AND
2 1 356 405 406 AND
2 1 406 775 395 XOR
2 1 363 859 396 AND
1 1 396 393 INV
2 1 393 24 394 AND
2 1 394 776 399 XOR
2 1 395 399 400 AND
1 1 400 1075 INV
2 1 333 373 397 AND
2 1 397 449 398 AND
2 1 368 398 387 AND
2 1 353 387 388 AND
1 1 388 385 INV
2 1 385 758 386 AND
1 1 386 391 INV
2 1 365 992 392 AND
2 1 392 163 389 XOR
2 1 373 389 390 AND
2 1 390 449 571 AND
2 1 824 29 572 AND
2 1 571 572 569 AND
1 1 569 570 INV
2 1 391 570 1076 AND
2 1 387 945 575 AND
1 1 575 576 INV
2 1 576 747 573 AND
1 1 573 574 INV
2 1 945 30 563 AND
2 1 563 571 564 AND
1 1 564 561 INV
2 1 561 574 1077 AND
2 1 571 947 562 AND
1 1 562 567 INV
2 1 31 567 568 AND
2 1 947 999 565 AND
2 1 387 565 566 AND
1 1 566 555 INV
2 1 568 748 556 XOR
2 1 555 556 553 AND
2 1 553 773 1078 XOR
2 1 387 859 554 AND
1 1 554 559 INV
2 1 559 746 560 AND
1 1 560 557 INV
2 1 32 859 558 AND
2 1 558 571 547 AND
1 1 547 548 INV
2 1 548 557 545 AND
2 1 545 166 1079 XOR
2 1 452 167 546 XOR
2 1 259 376 551 AND
2 1 355 551 552 AND
2 1 552 906 549 XOR
2 1 546 549 550 AND
2 1 353 755 603 AND
2 1 550 603 604 AND
1 1 604 601 INV
2 1 259 546 602 AND
2 1 376 602 607 AND
2 1 334 607 608 AND
2 1 608 824 605 AND
1 1 605 606 INV
2 1 606 33 595 AND
2 1 595 774 596 XOR
2 1 596 601 593 AND
2 1 593 45 1080 XOR
2 1 608 945 594 AND
1 1 594 599 INV
2 1 599 34 600 AND
1 1 600 597 INV
2 1 546 945 598 AND
2 1 598 756 587 AND
2 1 549 587 588 AND
1 1 588 585 INV
2 1 585 597 586 AND
2 1 586 46 1081 XOR
2 1 608 947 591 AND
1 1 591 592 INV
2 1 592 35 589 AND
2 1 589 907 590 XOR
2 1 787 947 579 AND
2 1 550 579 580 AND
1 1 580 577 INV
2 1 577 590 578 AND
1 1 578 1082 INV
2 1 608 859 583 AND
1 1 583 584 INV
2 1 584 36 581 AND
2 1 581 48 582 XOR
2 1 792 859 507 AND
2 1 507 550 508 AND
1 1 508 505 INV
2 1 505 582 506 AND
1 1 506 1083 INV
2 1 390 602 511 AND
2 1 511 824 512 AND
1 1 512 509 INV
2 1 509 37 510 AND
1 1 510 499 INV
2 1 259 397 500 AND
2 1 368 500 497 AND
2 1 497 49 498 XOR
2 1 498 546 503 AND
2 1 353 809 504 AND
2 1 503 504 501 AND
1 1 501 502 INV
2 1 499 502 491 AND
2 1 491 904 1084 XOR
2 1 511 945 492 AND
2 1 39 492 489 AND
1 1 489 490 INV
2 1 498 598 495 AND
1 1 495 496 INV
2 1 496 810 493 AND
1 1 493 494 INV
2 1 490 494 1085 AND
2 1 511 947 483 AND
1 1 483 484 INV
2 1 484 40 481 AND
1 1 481 482 INV
2 1 741 947 487 AND
2 1 487 503 488 AND
1 1 488 485 INV
2 1 482 485 486 AND
1 1 486 1086 INV
2 1 511 859 539 AND
1 1 539 540 INV
2 1 540 0 537 AND
2 1 537 51 538 XOR
2 1 742 859 543 AND
2 1 503 543 544 AND
2 1 544 751 541 XOR
2 1 538 541 542 AND
2 1 542 53 1087 XOR
2 1 353 950 531 AND
2 1 273 325 532 AND
1 1 532 529 INV
2 1 265 328 530 AND
1 1 530 535 INV
2 1 535 905 536 AND
2 1 529 536 533 AND
1 1 533 534 INV
2 1 530 57 523 AND
1 1 523 524 INV
2 1 321 524 521 AND
2 1 521 534 522 AND
1 1 522 527 INV
2 1 269 752 528 XOR
2 1 527 528 525 AND
2 1 451 525 526 AND
1 1 526 515 INV
2 1 424 910 516 AND
1 1 516 513 INV
2 1 260 418 514 XOR
2 1 514 55 519 AND
1 1 519 520 INV
2 1 513 520 517 AND
1 1 517 518 INV
2 1 472 518 699 AND
1 1 699 700 INV
2 1 457 700 697 AND
2 1 270 697 698 AND
1 1 698 703 INV
2 1 515 703 704 AND
1 1 704 701 INV
2 1 336 701 702 AND
2 1 525 697 691 AND
2 1 365 691 692 AND
1 1 692 689 INV
2 1 702 749 690 XOR
2 1 689 690 695 AND
1 1 695 696 INV
2 1 373 696 693 AND
1 1 693 694 INV
2 1 366 551 683 AND
2 1 452 683 684 AND
1 1 684 681 INV
2 1 681 694 682 AND
1 1 682 687 INV
2 1 687 60 688 XOR
2 1 688 1004 685 AND
2 1 531 685 686 AND
2 1 270 686 675 AND
1 1 675 676 INV
2 1 676 794 673 AND
1 1 673 674 INV
2 1 687 856 679 AND
1 1 679 680 INV
2 1 679 59 677 AND
1 1 677 678 INV
2 1 680 911 731 AND
1 1 731 732 INV
2 1 678 947 729 AND
2 1 729 732 730 AND
2 1 531 730 735 AND
2 1 270 1 736 AND
2 1 735 736 733 AND
1 1 733 734 INV
2 1 674 734 1088 AND
2 1 451 735 723 AND
1 1 723 724 INV
2 1 724 2 721 AND
1 1 721 722 INV
2 1 2 61 727 XOR
2 1 686 727 728 AND
2 1 546 728 725 AND
1 1 725 726 INV
2 1 722 726 715 AND
2 1 715 908 1089 XOR
2 1 376 686 716 AND
1 1 716 713 INV
2 1 713 802 714 AND
1 1 714 719 INV
2 1 376 3 720 AND
2 1 720 735 717 AND
1 1 717 718 INV
2 1 718 719 1090 AND
2 1 365 735 707 AND
1 1 707 708 INV
2 1 4 708 705 AND
1 1 705 706 INV
2 1 705 739 711 AND
1 1 711 712 INV
2 1 333 750 709 AND
2 1 686 709 710 AND
1 1 710 635 INV
2 1 635 63 636 AND
2 1 636 706 633 AND
1 1 633 634 INV
2 1 634 712 1091 AND
2 1 859 944 639 AND
2 1 531 639 640 AND
2 1 640 687 637 AND
2 1 270 637 638 AND
1 1 638 627 INV
2 1 627 5 628 AND
2 1 628 64 625 XOR
2 1 640 688 626 AND
2 1 270 883 631 AND
2 1 626 631 632 AND
1 1 632 629 INV
2 1 625 629 630 AND
1 1 630 1092 INV
2 1 451 637 619 AND
1 1 619 620 INV
2 1 620 6 617 AND
1 1 617 618 INV
2 1 546 791 623 AND
2 1 623 626 624 AND
1 1 624 621 INV
2 1 618 621 622 AND
2 1 622 66 1093 XOR
2 1 376 637 611 AND
1 1 611 612 INV
2 1 612 7 609 AND
1 1 609 610 INV
2 1 376 897 615 AND
2 1 615 626 616 AND
1 1 616 613 INV
2 1 610 613 614 AND
1 1 614 1094 INV
2 1 333 761 667 AND
2 1 626 667 668 AND
1 1 668 665 INV
2 1 668 67 666 AND
1 1 666 671 INV
2 1 365 637 672 AND
1 1 672 669 INV
2 1 669 9 670 AND
1 1 670 659 INV
2 1 659 67 660 AND
1 1 660 657 INV
2 1 657 665 658 AND
1 1 658 663 INV
2 1 663 671 664 AND
1 1 664 1095 INV
2 1 827 945 661 AND
2 1 661 730 662 AND
2 1 270 662 651 AND
1 1 651 652 INV
2 1 10 652 649 AND
1 1 649 650 INV
2 1 685 827 655 AND
2 1 270 945 656 AND
2 1 656 813 653 AND
2 1 653 655 654 AND
2 1 654 740 643 XOR
2 1 643 650 644 AND
1 1 644 1096 INV
2 1 451 662 641 AND
1 1 641 642 INV
2 1 11 642 647 AND
1 1 647 648 INV
2 1 598 863 645 AND
2 1 645 655 646 AND
1 1 646 195 INV
2 1 195 648 196 AND
1 1 196 1097 INV
2 1 376 662 193 AND
1 1 193 194 INV
2 1 194 12 199 AND
1 1 199 200 INV
2 1 376 945 197 AND
2 1 197 1028 198 AND
2 1 198 655 187 AND
1 1 187 188 INV
2 1 188 200 185 AND
1 1 185 1098 INV
2 1 333 945 186 AND
2 1 186 655 191 AND
1 1 191 192 INV
2 1 192 812 189 AND
1 1 189 190 INV
2 1 13 365 179 AND
2 1 179 662 180 AND
1 1 180 177 INV
2 1 177 190 1099 AND
2 1 639 661 178 AND
2 1 178 687 183 AND
2 1 183 270 184 AND
1 1 184 181 INV
2 1 181 14 182 AND
1 1 182 171 INV
2 1 639 827 172 AND
2 1 172 688 169 AND
2 1 169 737 170 XOR
2 1 656 805 175 AND
2 1 170 175 176 AND
1 1 176 173 INV
2 1 171 173 174 AND
1 1 174 1100 INV
2 1 598 806 219 AND
2 1 170 219 220 AND
2 1 183 451 217 AND
1 1 217 218 INV
2 1 218 16 223 AND
2 1 223 909 224 XOR
2 1 220 898 221 XOR
2 1 221 224 222 AND
2 1 222 738 1101 XOR
2 1 197 763 211 AND
2 1 170 211 212 AND
2 1 183 376 209 AND
1 1 209 210 INV
2 1 210 17 215 AND
1 1 215 216 INV
2 1 212 73 213 XOR
2 1 213 216 214 AND
1 1 214 1102 INV
2 1 183 365 203 AND
1 1 203 204 INV
2 1 204 18 201 AND
1 1 201 202 INV
2 1 186 874 207 AND
2 1 170 207 208 AND
1 1 208 205 INV
2 1 202 205 206 AND
1 1 206 1103 INV
