2602 2936
6 64 64 64 64 64 14
2 64 3

1 1 209 1844 INV
1 1 210 1842 INV
1 1 211 1843 INV
1 1 213 1836 INV
1 1 1 1837 INV
1 1 214 1834 INV
1 1 217 1835 INV
1 1 225 1840 INV
1 1 233 1841 INV
1 1 236 1838 INV
1 1 228 1839 INV
1 1 229 1828 INV
1 1 112 1829 INV
1 1 200 1826 INV
1 1 127 1827 INV
1 1 8 1832 INV
1 1 174 1833 INV
1 1 294 1830 INV
1 1 7 1831 INV
1 1 194 1820 INV
1 1 27 1821 INV
1 1 325 1818 INV
1 1 320 1819 INV
1 1 18 1824 INV
1 1 37 1825 INV
1 1 28 1822 INV
1 1 30 1823 INV
1 1 29 1780 INV
1 1 193 1781 INV
1 1 20 1778 INV
1 1 206 1779 INV
1 1 215 1784 INV
1 1 219 1785 INV
1 1 234 1782 INV
1 1 231 1783 INV
1 1 227 1772 INV
1 1 5 1773 INV
1 1 245 1770 INV
1 1 248 1771 INV
1 1 250 1776 INV
1 1 253 1777 INV
1 1 84 1774 INV
1 1 259 1775 INV
1 1 11 1764 INV
1 1 31 1765 INV
1 1 175 1762 INV
1 1 260 1763 INV
1 1 39 1768 INV
1 1 53 1769 INV
1 1 71 1766 INV
1 1 266 1767 INV
1 1 67 1756 INV
1 1 263 1757 INV
1 1 264 1754 INV
1 1 271 1755 INV
1 1 19 1760 INV
1 1 277 1761 INV
1 1 279 1758 INV
1 1 300 1759 INV
1 1 17 1812 INV
1 1 301 1813 INV
1 1 15 1810 INV
1 1 302 1811 INV
1 1 16 1816 INV
1 1 14 1817 INV
1 1 13 1814 INV
1 1 187 1815 INV
1 1 12 1804 INV
1 1 282 1805 INV
1 1 10 1802 INV
1 1 292 1803 INV
1 1 293 1808 INV
1 1 6 1809 INV
1 1 2 1806 INV
1 1 167 1807 INV
1 1 4 1796 INV
1 1 3 1797 INV
1 1 181 1794 INV
1 1 32 1795 INV
1 1 298 1800 INV
1 1 40 1801 INV
1 1 38 1798 INV
1 1 113 1799 INV
1 1 149 1788 INV
1 1 114 1789 INV
1 1 152 1786 INV
1 1 159 1787 INV
1 1 158 1792 INV
1 1 35 1793 INV
1 1 116 1790 INV
1 1 115 1791 INV
1 1 36 1332 INV
1 1 287 1333 INV
1 1 163 1330 INV
1 1 296 1331 INV
1 1 105 1336 INV
1 1 26 1337 INV
1 1 178 1334 INV
1 1 25 1335 INV
1 1 179 1324 INV
1 1 106 1325 INV
1 1 24 1322 INV
1 1 107 1323 INV
1 1 108 1328 INV
1 1 150 1329 INV
1 1 22 1326 INV
1 1 109 1327 INV
1 1 304 1316 INV
1 1 308 1317 INV
1 1 306 1314 INV
1 1 315 1315 INV
1 1 9 1320 INV
1 1 316 1321 INV
1 1 321 1318 INV
1 1 310 1319 INV
1 1 69 1308 INV
1 1 66 1309 INV
1 1 73 1306 INV
1 1 329 1307 INV
1 1 68 1312 INV
1 1 326 1313 INV
1 1 129 1310 INV
1 1 126 1311 INV
1 1 327 1364 INV
1 1 23 1365 INV
1 1 128 1362 INV
1 1 312 1363 INV
1 1 324 1368 INV
1 1 125 1369 INV
1 1 201 2923 INV
1 1 204 1366 INV
1 1 185 1367 INV
1 1 208 1356 INV
2 1 199 1826 1357 AND
1 1 1357 1354 INV
2 1 200 46 1355 AND
1 1 1355 1360 INV
2 1 1354 1360 1361 AND
1 1 1361 1358 INV
2 1 17 322 1359 AND
1 1 1359 1348 INV
2 1 1359 1361 1349 AND
1 1 1349 1346 INV
2 1 17 322 1347 XOR
2 1 322 1812 1352 XOR
2 1 1347 1358 1353 AND
1 1 1353 1350 INV
2 1 1352 1358 1351 AND
1 1 1351 1340 INV
2 1 1348 1361 1341 AND
1 1 1341 1338 INV
2 1 1346 1350 1339 AND
2 1 1338 1340 1344 AND
2 1 198 1826 1345 AND
1 1 1345 1342 INV
2 1 200 45 1343 AND
1 1 1343 1268 INV
2 1 1268 1342 1269 AND
1 1 1269 1266 INV
2 1 1266 1824 1267 AND
2 1 18 1269 1272 XOR
2 1 1269 1824 1273 XOR
2 1 153 1826 1270 AND
1 1 1270 1271 INV
2 1 200 47 1260 AND
1 1 1260 1261 INV
2 1 1261 1271 1258 AND
1 1 1258 1259 INV
2 1 1259 1816 1264 AND
1 1 1264 1265 INV
2 1 16 1258 1262 AND
1 1 1262 1263 INV
2 1 1263 1265 1252 AND
2 1 1258 1816 1253 XOR
2 1 200 44 1250 AND
2 1 197 1826 1251 AND
1 1 1251 1256 INV
2 1 1250 1819 1257 XOR
2 1 1256 1257 1254 AND
1 1 1254 1255 INV
2 1 319 1760 1244 XOR
2 1 319 19 1245 XOR
2 1 1244 1254 1242 AND
1 1 1242 1243 INV
2 1 1255 1760 1248 AND
1 1 1248 1249 INV
2 1 1243 1249 1246 AND
1 1 1246 1247 INV
2 1 193 1826 1300 AND
2 1 1300 1778 1301 AND
1 1 1301 1298 INV
2 1 1246 1301 1299 AND
1 1 1299 1304 INV
2 1 318 1249 1305 XOR
1 1 1305 1302 INV
2 1 1302 1304 1303 AND
1 1 1303 1292 INV
2 1 1272 1305 1293 AND
1 1 1293 1290 INV
2 1 274 1267 1291 XOR
2 1 1290 1291 1296 AND
1 1 1296 1297 INV
2 1 271 1245 1294 AND
1 1 1294 1295 INV
2 1 1244 1755 1284 AND
1 1 1284 1285 INV
2 1 1255 1294 1282 AND
1 1 1282 1283 INV
2 1 1254 1285 1288 AND
2 1 1288 1295 1289 AND
1 1 1289 1286 INV
2 1 1283 1286 1287 AND
2 1 1272 1287 1276 AND
1 1 1276 1277 INV
2 1 1277 1301 1274 AND
2 1 1274 1296 1275 AND
1 1 1275 1280 INV
2 1 1297 1298 1281 AND
1 1 1281 1278 INV
2 1 1278 1280 1279 AND
2 1 1279 1292 1460 XOR
2 1 1279 1303 1461 XOR
2 1 1358 1812 1458 AND
1 1 1458 1459 INV
2 1 1267 1339 1464 AND
1 1 1464 1465 INV
2 1 1459 1465 1462 AND
2 1 1273 1318 1463 AND
1 1 1463 1452 INV
2 1 18 321 1453 AND
2 1 1266 1453 1450 AND
1 1 1450 1451 INV
2 1 1451 1452 1456 AND
1 1 1456 1457 INV
2 1 1339 1456 1454 AND
1 1 1454 1455 INV
2 1 1292 1454 1444 AND
1 1 1444 1445 INV
2 1 1455 1462 1442 AND
1 1 1442 1443 INV
2 1 1303 1462 1448 AND
1 1 1448 1449 INV
2 1 1445 1462 1446 AND
2 1 1443 1449 1447 AND
2 1 212 1447 1436 XOR
2 1 212 1446 1437 XOR
2 1 1436 1460 1434 AND
2 1 1434 1843 1435 XOR
2 1 1447 1461 1440 AND
2 1 1440 1836 1441 XOR
2 1 1435 1441 1438 AND
2 1 1781 1826 1439 AND
1 1 1439 1492 INV
2 1 20 1439 1493 AND
1 1 1493 1490 INV
2 1 1298 1490 1491 AND
1 1 1491 1496 INV
2 1 1438 1491 1497 AND
1 1 1497 1494 INV
2 1 1438 1496 1495 XOR
2 1 1247 1495 1484 AND
1 1 1484 1485 INV
2 1 1437 1461 1482 AND
2 1 1446 1460 1483 AND
1 1 1483 1488 INV
2 1 1482 1842 1489 XOR
2 1 1488 1489 1486 AND
1 1 1486 1487 INV
2 1 1487 1496 1476 AND
1 1 1476 1477 INV
2 1 1477 1494 1474 AND
2 1 1246 1474 1475 AND
1 1 1475 1480 INV
2 1 1480 1485 1481 AND
2 1 1252 1481 1478 AND
1 1 1478 1479 INV
2 1 1253 1481 1468 XOR
2 1 1273 1468 1469 AND
1 1 1469 1466 INV
2 1 1247 1474 1467 AND
1 1 1467 1472 INV
2 1 1246 1495 1473 AND
1 1 1473 1470 INV
2 1 1253 1470 1471 AND
2 1 1471 1472 1396 AND
1 1 1396 1397 INV
2 1 1456 1479 1394 AND
2 1 1394 1397 1395 AND
2 1 1395 1844 1400 XOR
2 1 1400 1466 1401 AND
1 1 1401 1398 INV
2 1 1344 1398 1399 AND
1 1 1399 1388 INV
2 1 1339 1401 1389 AND
1 1 1389 1386 INV
2 1 1386 1837 1387 AND
2 1 1387 1388 1392 AND
1 1 1392 1393 INV
2 1 1246 1491 1390 AND
1 1 1390 1391 INV
2 1 1303 1391 1380 AND
1 1 1380 1381 INV
2 1 1381 1443 1378 AND
1 1 1378 1379 INV
2 1 1380 1462 1384 AND
1 1 1384 1385 INV
2 1 1379 1385 1382 AND
2 1 1246 1456 1383 AND
1 1 1383 1372 INV
2 1 1372 1490 1373 AND
2 1 1297 1493 1370 AND
1 1 1370 1371 INV
2 1 1296 1373 1376 AND
1 1 1376 1377 INV
2 1 1371 1377 1374 AND
2 1 1374 1382 1375 XOR
2 1 1375 1496 1428 AND
2 1 1375 1496 1429 XOR
2 1 214 1429 1426 AND
1 1 1426 1427 INV
2 1 1428 1834 1432 AND
1 1 1432 1433 INV
2 1 1427 1433 1430 AND
2 1 1246 1429 1431 AND
1 1 1431 1420 INV
2 1 1247 1430 1421 AND
1 1 1421 1418 INV
2 1 1418 1420 1419 AND
2 1 1252 1419 1424 AND
1 1 1424 1425 INV
2 1 1252 1419 1422 XOR
2 1 1253 1419 1423 XOR
2 1 1273 1423 1412 AND
1 1 1412 1413 INV
2 1 1246 1430 1410 AND
1 1 1410 1411 INV
2 1 1247 1429 1416 AND
1 1 1416 1417 INV
2 1 1253 1417 1414 AND
2 1 1411 1414 1415 AND
1 1 1415 1404 INV
2 1 1404 1425 1405 AND
1 1 1405 1402 INV
2 1 1405 1456 1403 AND
1 1 1403 1408 INV
2 1 1408 1413 1409 AND
2 1 1339 1409 1406 AND
1 1 1406 1407 INV
2 1 1344 1409 1588 XOR
2 1 1 1588 1589 AND
2 1 1263 1447 1586 AND
1 1 1586 1587 INV
2 1 1265 1446 1592 AND
1 1 1592 1593 INV
2 1 1265 1587 1590 AND
2 1 1263 1593 1591 AND
2 1 1252 1390 1580 AND
2 1 1454 1580 1581 AND
1 1 1581 1578 INV
2 1 1578 1590 1579 AND
2 1 142 1826 1584 AND
1 1 1584 1585 INV
2 1 200 50 1582 AND
1 1 1582 1583 INV
2 1 1583 1585 1572 AND
1 1 1572 1573 INV
2 1 1573 1814 1570 AND
2 1 1321 1570 1571 XOR
2 1 13 1572 1576 XOR
2 1 1572 1814 1577 XOR
2 1 141 1826 1574 AND
1 1 1574 1575 INV
2 1 200 49 1564 AND
1 1 1564 1565 INV
2 1 1565 1575 1562 AND
1 1 1562 1563 INV
2 1 14 1562 1568 AND
1 1 1568 1569 INV
2 1 1563 1817 1566 AND
1 1 1566 1567 INV
2 1 140 1826 1620 AND
1 1 1620 1621 INV
2 1 200 48 1618 AND
1 1 1618 1619 INV
2 1 1619 1621 1624 AND
1 1 1624 1625 INV
2 1 15 1624 1622 AND
1 1 1622 1623 INV
2 1 1567 1622 1612 AND
1 1 1612 1613 INV
2 1 1569 1613 1610 AND
2 1 1576 1610 1611 AND
1 1 1611 1616 INV
2 1 1571 1616 1617 AND
2 1 1356 1576 1614 AND
2 1 1614 1617 1615 XOR
2 1 154 1826 1604 AND
1 1 1604 1605 INV
2 1 200 51 1602 AND
1 1 1602 1603 INV
2 1 1603 1605 1608 AND
1 1 1608 1609 INV
2 1 1609 1804 1606 AND
1 1 1606 1607 INV
2 1 12 1608 1596 AND
1 1 1596 1597 INV
2 1 1597 1607 1594 AND
2 1 1625 1810 1595 AND
1 1 1595 1600 INV
2 1 1569 1622 1601 AND
1 1 1601 1598 INV
2 1 1567 1595 1599 XOR
2 1 1598 1599 1524 AND
2 1 1524 1594 1525 XOR
2 1 208 1577 1522 AND
1 1 1522 1523 INV
2 1 1525 1615 1528 XOR
2 1 1523 1528 1529 AND
1 1 1529 1526 INV
2 1 1 1526 1527 AND
2 1 207 1579 1516 XOR
2 1 1516 1527 1517 AND
1 1 1517 1514 INV
2 1 1591 1837 1515 AND
2 1 1515 1526 1520 AND
1 1 1520 1521 INV
2 1 1 1581 1518 AND
1 1 1518 1519 INV
2 1 1519 1590 1508 AND
1 1 1508 1509 INV
2 1 1569 1595 1506 AND
1 1 1506 1507 INV
2 1 1507 1567 1512 AND
2 1 1321 1512 1513 AND
1 1 1513 1510 INV
2 1 1510 1576 1511 AND
1 1 1511 1500 INV
2 1 1571 1577 1501 AND
1 1 1501 1498 INV
2 1 1498 1500 1499 AND
2 1 1567 1569 1504 AND
2 1 1504 1594 1505 AND
2 1 1504 1594 1502 XOR
2 1 1566 1623 1503 XOR
2 1 1503 1507 1556 AND
2 1 1502 1556 1557 XOR
2 1 1499 1557 1554 XOR
2 1 1508 1554 1555 AND
1 1 1555 1560 INV
2 1 1521 1560 1561 AND
2 1 1514 1561 1558 AND
1 1 1558 1559 INV
2 1 1589 1779 1548 XOR
2 1 1548 1558 1549 AND
2 1 1393 1549 1546 AND
1 1 1546 1547 INV
2 1 1272 1422 1552 AND
1 1 1552 1553 INV
2 1 1402 1457 1550 AND
1 1 1550 1551 INV
2 1 1551 1553 1540 AND
1 1 1540 1541 INV
2 1 1344 1541 1538 AND
1 1 1538 1539 INV
2 1 1407 1539 1544 AND
1 1 1544 1545 INV
2 1 1 1545 1542 AND
1 1 1542 1543 INV
2 1 1393 1543 1532 AND
1 1 1532 1533 INV
2 1 1533 1559 1530 AND
1 1 1530 1531 INV
2 1 1531 1547 1536 AND
1 1 1536 2869 INV
2 1 1600 1623 1537 AND
2 1 1505 1537 1534 AND
2 1 1534 1576 1535 AND
2 1 1509 1535 1716 AND
1 1 1716 1717 INV
2 1 317 1577 1714 XOR
2 1 1506 1567 1715 AND
2 1 1714 1715 1720 AND
1 1 1720 1721 INV
2 1 1566 1576 1718 AND
1 1 1718 1719 INV
2 1 1571 1719 1708 AND
2 1 1607 1708 1709 AND
2 1 1709 1721 1706 AND
1 1 1706 1707 INV
2 1 1597 1707 1712 AND
1 1 1712 1713 INV
2 1 1713 1717 1710 AND
1 1 1710 1711 INV
2 1 143 1826 1700 AND
1 1 1700 1701 INV
2 1 200 58 1698 AND
1 1 1698 1699 INV
2 1 1699 1701 1704 AND
1 1 1704 1705 INV
2 1 1705 1831 1702 AND
1 1 1702 1703 INV
2 1 7 1704 1692 XOR
1 1 1692 1693 INV
2 1 156 1826 1690 AND
1 1 1690 1691 INV
2 1 200 57 1696 AND
1 1 1696 1697 INV
2 1 1691 1697 1694 AND
1 1 1694 1695 INV
2 1 279 1832 1748 AND
2 1 1694 1748 1749 AND
1 1 1749 1746 INV
2 1 8 1694 1747 AND
1 1 1747 1752 INV
2 1 1695 1832 1753 AND
1 1 1753 1750 INV
2 1 8 1694 1751 XOR
1 1 1751 1740 INV
2 1 1740 1758 1741 AND
1 1 1741 1738 INV
2 1 1738 1746 1739 AND
1 1 1739 1744 INV
2 1 1692 1739 1745 AND
2 1 200 59 1742 AND
1 1 1742 1743 INV
2 1 191 1826 1732 AND
1 1 1732 1733 INV
2 1 1733 1743 1730 AND
1 1 1730 1731 INV
2 1 1731 1809 1736 AND
2 1 6 1730 1737 XOR
1 1 1737 1734 INV
2 1 305 1737 1735 XOR
2 1 305 1734 1724 XOR
2 1 155 1826 1725 AND
1 1 1725 1722 INV
2 1 200 56 1723 AND
1 1 1723 1728 INV
2 1 1722 1728 1729 AND
1 1 1729 1726 INV
2 1 1320 1726 1727 AND
2 1 9 1729 1652 XOR
1 1 1652 1653 INV
2 1 144 1826 1650 AND
1 1 1650 1651 INV
2 1 200 65 1656 AND
1 1 1656 1657 INV
2 1 1651 1657 1654 AND
1 1 1654 1655 INV
2 1 1655 1802 1644 AND
1 1 1644 1645 INV
2 1 10 1654 1642 AND
1 1 1642 1643 INV
2 1 1643 1645 1648 AND
1 1 1648 1649 INV
2 1 1648 1652 1646 AND
1 1 1646 1647 INV
2 1 1646 1724 1636 AND
2 1 1636 1745 1637 AND
2 1 1637 1711 1634 AND
1 1 1634 1635 INV
2 1 1644 1652 1640 AND
1 1 1640 1641 INV
2 1 1641 1750 1638 AND
1 1 1638 1639 INV
2 1 1692 1752 1628 AND
2 1 1628 1639 1629 AND
1 1 1629 1626 INV
2 1 1692 1751 1627 AND
2 1 307 1727 1632 XOR
1 1 1632 1633 INV
2 1 1627 1632 1630 AND
1 1 1630 1631 INV
2 1 1630 1737 1684 AND
1 1 1684 1685 INV
2 1 1314 1685 1682 AND
1 1 1682 1683 INV
2 1 1317 1736 1688 XOR
2 1 1702 1724 1689 AND
1 1 1689 1686 INV
2 1 1683 1688 1687 AND
2 1 306 1684 1676 AND
1 1 1676 1677 INV
2 1 1629 1737 1674 AND
1 1 1674 1675 INV
2 1 1675 1686 1680 AND
2 1 1677 1680 1681 AND
2 1 1681 1687 1678 AND
1 1 1678 1679 INV
2 1 1678 1710 1668 AND
1 1 1668 1669 INV
2 1 216 1679 1666 XOR
2 1 1666 1711 1667 AND
1 1 1667 1672 INV
2 1 1669 1672 1673 AND
1 1 1673 1670 INV
2 1 1635 1670 1671 AND
1 1 1671 1660 INV
2 1 190 1826 1661 AND
1 1 1661 1658 INV
2 1 200 62 1659 AND
1 1 1659 1664 INV
2 1 1658 1664 1665 AND
1 1 1665 1662 INV
2 1 1662 1797 1663 AND
1 1 1663 2447 INV
2 1 3 1665 2448 AND
1 1 2448 2445 INV
2 1 2445 2447 2446 AND
1 1 2446 2451 INV
2 1 196 1826 2452 AND
1 1 2452 2449 INV
2 1 200 61 2450 AND
1 1 2450 2439 INV
2 1 2439 2449 2440 AND
1 1 2440 2437 INV
2 1 1796 2437 2438 AND
1 1 2438 2443 INV
2 1 4 2440 2444 AND
1 1 2444 2441 INV
2 1 2441 2443 2442 AND
2 1 2442 2446 2431 AND
2 1 2442 2451 2432 XOR
2 1 303 2438 2429 XOR
2 1 303 2443 2430 XOR
2 1 2429 2445 2435 AND
1 1 2435 2436 INV
2 1 2436 2447 2433 AND
2 1 195 1826 2434 AND
1 1 2434 2423 INV
2 1 200 60 2424 AND
1 1 2424 2421 INV
2 1 2421 2423 2422 AND
1 1 2422 2427 INV
2 1 314 1773 2428 XOR
2 1 2422 2428 2425 AND
1 1 2425 2426 INV
2 1 2426 2431 2479 AND
2 1 239 2479 2480 XOR
2 1 2433 2480 2477 AND
2 1 176 1826 2478 AND
1 1 2478 2483 INV
2 1 200 63 2484 AND
1 1 2484 2481 INV
2 1 2481 2483 2482 AND
1 1 2482 2471 INV
2 1 1806 2471 2472 AND
1 1 2472 2469 INV
2 1 2 2482 2470 AND
1 1 2470 2475 INV
2 1 2469 2475 2476 AND
2 1 2422 2428 2473 XOR
2 1 2427 2428 2474 XOR
2 1 2473 2476 2463 AND
2 1 2474 2476 2464 XOR
2 1 5 2422 2461 AND
1 1 2461 2462 INV
2 1 2443 2461 2467 AND
1 1 2467 2468 INV
2 1 2426 2441 2465 AND
1 1 2465 2466 INV
2 1 2466 2468 2455 AND
2 1 2455 2464 2456 XOR
2 1 2456 2477 2453 XOR
2 1 315 2453 2454 AND
2 1 2432 2454 2459 XOR
2 1 1660 2459 2460 AND
1 1 2460 2457 INV
2 1 1773 2427 2458 AND
1 1 2458 2383 INV
2 1 2431 2458 2384 AND
1 1 2384 2381 INV
2 1 2381 2433 2382 AND
1 1 2382 2387 INV
2 1 2383 2438 2388 AND
1 1 2388 2385 INV
2 1 2444 2458 2386 AND
1 1 2386 2375 INV
2 1 2375 2385 2376 AND
2 1 2376 2464 2373 XOR
2 1 2373 2382 2374 XOR
2 1 315 2374 2379 AND
2 1 2379 2432 2380 XOR
2 1 1666 2380 2377 AND
2 1 1635 2377 2378 AND
1 1 2378 2367 INV
2 1 2367 2457 2368 AND
1 1 2368 2365 INV
2 1 1633 1641 2366 AND
1 1 2366 2371 INV
2 1 1626 1703 2372 AND
1 1 2372 2369 INV
2 1 1631 2372 2370 AND
2 1 2370 2371 2359 AND
1 1 2359 2360 INV
2 1 2366 2369 2357 AND
1 1 2357 2358 INV
2 1 2358 2360 2363 AND
2 1 1632 1739 2364 AND
1 1 2364 2361 INV
2 1 1750 2361 2362 AND
1 1 2362 2415 INV
2 1 1648 2362 2416 AND
1 1 2416 2413 INV
2 1 1739 2371 2414 AND
1 1 2414 2419 INV
2 1 1644 1750 2420 AND
2 1 2419 2420 2417 AND
1 1 2417 2418 INV
2 1 1642 2415 2407 AND
1 1 2407 2408 INV
2 1 2408 2418 2405 AND
2 1 2405 2413 2406 AND
2 1 2363 2406 2411 XOR
2 1 1653 2411 2412 XOR
1 1 2412 2409 INV
2 1 1737 2409 2410 AND
1 1 2410 2399 INV
2 1 1735 2412 2400 AND
1 1 2400 2397 INV
2 1 1751 2397 2398 AND
2 1 2398 2399 2403 AND
1 1 2403 2404 INV
2 1 1737 2412 2401 XOR
2 1 1744 2401 2402 AND
1 1 2402 2391 INV
2 1 2391 2404 2392 AND
2 1 1692 2392 2389 XOR
2 1 1710 2389 2390 AND
1 1 2390 2395 INV
2 1 1647 2366 2396 AND
1 1 2396 2393 INV
2 1 1652 1751 2394 AND
1 1 2394 2575 INV
2 1 1643 2575 2576 AND
2 1 2362 2576 2573 AND
1 1 2573 2574 INV
2 1 2408 2574 2579 AND
2 1 2393 2579 2580 XOR
2 1 2396 2579 2577 XOR
2 1 1627 1646 2578 AND
1 1 2578 2567 INV
2 1 2370 2567 2568 AND
1 1 2568 2565 INV
2 1 218 2565 2566 XOR
2 1 2566 2580 2571 AND
1 1 2571 2572 INV
2 1 2565 2577 2569 AND
1 1 2569 2570 INV
2 1 2570 2572 2559 AND
2 1 1648 2559 2560 AND
1 1 2560 2557 INV
2 1 1649 2559 2558 XOR
2 1 2566 2577 2563 AND
1 1 2563 2564 INV
2 1 2565 2580 2561 AND
1 1 2561 2562 INV
2 1 1649 2564 2551 AND
2 1 2551 2562 2552 AND
1 1 2552 2549 INV
2 1 2549 2557 2550 AND
2 1 1653 2550 2555 AND
1 1 2555 2556 INV
2 1 1652 2558 2553 AND
1 1 2553 2554 INV
2 1 1735 2554 2607 AND
2 1 2556 2607 2608 AND
2 1 1653 2558 2605 AND
1 1 2605 2606 INV
2 1 1652 2550 2611 AND
1 1 2611 2612 INV
2 1 2606 2612 2609 AND
2 1 1737 2609 2610 AND
1 1 2610 2599 INV
2 1 1835 2608 2600 XOR
2 1 2599 2600 2597 AND
1 1 2597 2598 INV
2 1 1751 2597 2603 AND
1 1 2603 2604 INV
2 1 1737 2609 2601 XOR
2 1 1734 2609 2602 XOR
2 1 1744 2602 2591 AND
1 1 2591 2592 INV
2 1 2592 2604 2589 AND
2 1 1692 2589 2590 AND
1 1 2590 2595 INV
2 1 1693 2589 2596 XOR
2 1 1711 2596 2593 AND
1 1 2593 2594 INV
2 1 2395 2594 2583 AND
1 1 2583 2584 INV
2 1 2368 2584 2581 AND
1 1 2581 2582 INV
2 1 1739 2601 2587 AND
1 1 2587 2588 INV
2 1 1740 2598 2585 AND
1 1 2585 2586 INV
2 1 2586 2588 2511 AND
1 1 2511 2512 INV
2 1 1693 2512 2509 AND
1 1 2509 2510 INV
2 1 2510 2595 2515 AND
1 1 2515 2516 INV
2 1 1711 2516 2513 AND
1 1 2513 2514 INV
2 1 2365 2395 2503 AND
2 1 2503 2514 2504 AND
2 1 1784 2504 2501 XOR
2 1 2501 2582 2870 AND
2 1 203 202 2502 AND
1 1 2502 2507 INV
2 1 200 1311 2508 AND
1 1 2508 2505 INV
2 1 2505 2507 2506 AND
1 1 2506 2495 INV
2 1 25 2495 2496 AND
1 1 2496 2493 INV
2 1 1335 2506 2494 AND
2 1 25 2506 2499 XOR
1 1 2499 2500 INV
2 1 200 1310 2497 AND
1 1 2497 2498 INV
2 1 2498 2507 2487 AND
2 1 326 2487 2488 XOR
2 1 1313 2487 2485 XOR
2 1 1326 2485 2486 AND
1 1 2486 2491 INV
2 1 22 2488 2492 AND
1 1 2492 2489 INV
2 1 2489 2491 2490 AND
2 1 1326 2488 2543 XOR
2 1 2490 2500 2544 AND
2 1 200 1362 2541 AND
1 1 2541 2542 INV
2 1 2507 2542 2547 AND
1 1 2547 2548 INV
2 1 23 2548 2545 AND
1 1 2545 2546 INV
2 1 1365 2547 2535 AND
1 1 2535 2536 INV
2 1 2536 2546 2533 AND
2 1 23 2547 2534 XOR
2 1 328 2534 2539 XOR
2 1 200 1827 2540 AND
1 1 2540 2537 INV
2 1 2507 2537 2538 AND
2 1 1364 2538 2527 XOR
2 1 327 2538 2528 XOR
2 1 24 2527 2525 AND
1 1 2525 2526 INV
2 1 1322 2538 2531 AND
1 1 2531 2532 INV
2 1 2526 2532 2529 AND
1 1 2529 2530 INV
2 1 2529 2539 2519 AND
2 1 2519 2544 2520 AND
2 1 200 1369 2517 AND
1 1 2517 2518 INV
2 1 2507 2518 2523 AND
1 1 2523 2524 INV
2 1 1337 2523 2521 AND
1 1 2521 2522 INV
2 1 133 1826 2703 AND
2 1 323 2703 2704 XOR
2 1 200 131 2701 AND
1 1 2701 2702 INV
2 1 2702 2704 2707 AND
1 1 2707 2708 INV
2 1 1823 2708 2705 AND
1 1 2705 2706 INV
2 1 134 1826 2695 AND
1 1 2695 2696 INV
2 1 200 123 2693 AND
1 1 2693 2694 INV
2 1 2694 2696 2699 AND
1 1 2699 2700 INV
2 1 1822 2700 2697 AND
1 1 2697 2698 INV
2 1 28 2699 2687 AND
1 1 2687 2688 INV
2 1 200 122 2685 AND
1 1 2685 2686 INV
2 1 136 1826 2691 AND
1 1 2691 2692 INV
2 1 2686 2692 2689 AND
1 1 2689 2690 INV
2 1 1780 2690 2679 AND
2 1 313 2679 2680 XOR
1 1 2680 2677 INV
2 1 2677 2688 2678 AND
1 1 2678 2683 INV
2 1 2680 2698 2684 AND
2 1 2683 2698 2681 AND
2 1 2681 2706 2682 AND
1 1 2682 2735 INV
2 1 29 2689 2736 XOR
2 1 1780 2689 2733 XOR
2 1 2684 2733 2734 AND
1 1 2734 2739 INV
2 1 2688 2739 2740 AND
2 1 2735 2740 2737 AND
1 1 2737 2738 INV
2 1 26 2524 2727 AND
1 1 2727 2728 INV
2 1 137 1826 2725 AND
1 1 2725 2726 INV
2 1 200 124 2731 AND
1 1 2731 2732 INV
2 1 2726 2732 2729 AND
2 1 1818 2729 2730 XOR
2 1 27 2730 2719 AND
1 1 2719 2720 INV
2 1 1821 2729 2717 AND
2 1 1368 2717 2718 XOR
2 1 2718 2720 2723 AND
1 1 2723 2724 INV
2 1 2724 2728 2721 AND
2 1 2721 2737 2722 AND
1 1 2722 2711 INV
2 1 2522 2711 2712 AND
2 1 2522 2728 2709 AND
2 1 26 2523 2710 XOR
2 1 1821 2730 2715 AND
1 1 2715 2716 INV
2 1 2709 2715 2713 AND
1 1 2713 2714 INV
2 1 1363 2712 2639 XOR
2 1 2639 2714 2640 AND
1 1 2640 2637 INV
2 1 2520 2637 2638 AND
1 1 2638 2643 INV
2 1 1322 2528 2644 AND
1 1 2644 2641 INV
2 1 2536 2641 2642 AND
2 1 2494 2526 2631 AND
1 1 2631 2632 INV
2 1 2494 2529 2629 AND
1 1 2629 2630 INV
2 1 2630 2642 2635 AND
1 1 2635 2636 INV
2 1 2546 2636 2633 AND
2 1 2489 2633 2634 AND
1 1 2634 2623 INV
2 1 2491 2623 2624 AND
2 1 2624 2643 2621 AND
1 1 2621 2622 INV
2 1 2688 2698 2627 AND
2 1 1822 2699 2628 XOR
2 1 2627 2724 2625 AND
2 1 30 2707 2626 AND
1 1 2626 2615 INV
2 1 2615 2706 2616 AND
1 1 2616 2613 INV
2 1 2616 2736 2614 AND
1 1 2614 2619 INV
2 1 2614 2625 2620 AND
1 1 2620 2617 INV
2 1 2620 2709 2618 AND
1 1 2618 2671 INV
2 1 2520 2618 2672 AND
2 1 1535 1591 2669 AND
1 1 2669 2670 INV
2 1 1713 2670 2675 AND
1 1 2675 2676 INV
2 1 2446 2463 2673 AND
2 1 2431 2463 2674 AND
2 1 1637 2674 2663 AND
2 1 2663 2676 2664 AND
1 1 2664 2661 INV
2 1 2387 2475 2662 AND
1 1 2662 2667 INV
2 1 2469 2667 2668 AND
2 1 1 1535 2665 AND
2 1 1637 2665 2666 AND
2 1 278 1581 2655 XOR
2 1 2655 2666 2656 AND
1 1 2656 2653 INV
2 1 1678 2653 2654 AND
1 1 2654 2659 INV
2 1 2659 2674 2660 AND
1 1 2660 2657 INV
2 1 2657 2668 2658 AND
2 1 2658 2661 2647 AND
1 1 2647 2648 INV
2 1 2648 2672 2645 AND
1 1 2645 2646 INV
2 1 249 2621 2651 XOR
2 1 2646 2651 2652 AND
1 1 2652 2649 INV
2 1 200 1308 2650 AND
1 1 2650 2831 INV
2 1 2507 2831 2832 AND
1 1 2832 2829 INV
2 1 35 2829 2830 AND
1 1 2830 2835 INV
2 1 1793 2832 2836 AND
1 1 2836 2833 INV
2 1 200 1312 2834 AND
1 1 2834 2823 INV
2 1 2507 2823 2824 AND
1 1 2824 2821 INV
2 1 36 2821 2822 AND
1 1 2822 2827 INV
2 1 1332 2824 2828 AND
1 1 2828 2825 INV
2 1 200 1756 2826 AND
1 1 2826 2815 INV
2 1 2507 2815 2816 AND
1 1 2816 2813 INV
2 1 1786 2816 2814 AND
1 1 2814 2819 INV
2 1 2819 2825 2820 AND
1 1 2820 2817 INV
2 1 2814 2827 2818 AND
1 1 2818 2807 INV
2 1 2817 2827 2808 AND
2 1 2807 2825 2805 AND
2 1 2808 2835 2806 AND
1 1 2806 2811 INV
2 1 2811 2833 2812 AND
2 1 36 2824 2809 XOR
1 1 2809 2810 INV
2 1 152 1307 2863 AND
2 1 329 1786 2864 XOR
2 1 2816 2864 2861 AND
1 1 2861 2862 INV
2 1 2813 2863 2867 AND
1 1 2867 2868 INV
2 1 2862 2868 2865 AND
1 1 2865 2866 INV
2 1 2810 2865 2855 AND
2 1 200 1309 2856 AND
1 1 2856 2853 INV
2 1 2507 2853 2854 AND
2 1 1825 2854 2859 AND
1 1 2859 2860 INV
2 1 1825 2854 2857 XOR
2 1 37 2854 2858 XOR
2 1 200 1306 2847 AND
1 1 2847 2848 INV
2 1 2507 2848 2845 AND
1 1 2845 2846 INV
2 1 1798 2845 2851 AND
1 1 2851 2852 INV
2 1 2851 2857 2849 AND
1 1 2849 2850 INV
2 1 309 2860 2839 XOR
1 1 2839 2840 INV
2 1 2839 2850 2837 AND
1 1 2837 2838 INV
2 1 2833 2835 2843 AND
2 1 35 2832 2844 XOR
2 1 2843 2855 2841 AND
2 1 2838 2841 2842 AND
1 1 2842 2767 INV
2 1 2767 2812 2768 AND
1 1 2768 2765 INV
2 1 34 0 2766 AND
1 1 2766 2771 INV
2 1 1820 2766 2772 AND
1 1 2772 2769 INV
2 1 33 0 2770 AND
1 1 2770 2759 INV
2 1 1820 2770 2760 AND
1 1 2760 2757 INV
2 1 34 2760 2758 AND
1 1 2758 2763 INV
2 1 194 2759 2764 AND
1 1 2764 2761 INV
2 1 2761 2769 2762 AND
2 1 2757 2762 2751 AND
1 1 2751 2752 INV
2 1 2752 2763 2749 AND
1 1 2749 2750 INV
2 1 2749 2768 2755 AND
2 1 2652 2755 2756 AND
1 1 2756 2753 INV
2 1 1785 2753 2754 AND
1 1 2754 2743 INV
2 1 34 33 2744 XOR
2 1 194 0 2741 AND
2 1 2741 2744 2742 AND
1 1 2742 2747 INV
2 1 2747 2757 2748 AND
1 1 2748 2745 INV
2 1 2745 2765 2746 AND
1 1 2746 2799 INV
2 1 219 2755 2800 AND
1 1 2800 2797 INV
2 1 2797 2799 2798 AND
1 1 2798 2803 INV
2 1 2652 2803 2804 AND
1 1 2804 2801 INV
2 1 38 2846 2802 AND
1 1 2802 2791 INV
2 1 2791 2852 2792 AND
2 1 38 2845 2789 XOR
2 1 2792 2857 2790 AND
1 1 2790 2795 INV
2 1 2790 2855 2796 AND
1 1 2796 2793 INV
2 1 2796 2843 2794 AND
1 1 2794 2783 INV
2 1 2768 2783 2784 AND
1 1 2784 2781 INV
2 1 2745 2781 2782 AND
1 1 2782 2787 INV
2 1 2755 2783 2788 AND
1 1 2788 2785 INV
2 1 2785 2787 2786 AND
1 1 2786 2775 INV
2 1 2649 2775 2776 AND
1 1 2776 2773 INV
2 1 2773 2801 2774 AND
2 1 2743 2774 2779 AND
1 1 2779 2780 INV
2 1 246 2851 2777 XOR
1 1 2777 2778 INV
2 1 2777 2857 1935 AND
1 1 1935 1936 INV
2 1 1936 2839 1933 AND
1 1 1933 1934 INV
2 1 1934 2855 1939 AND
1 1 1939 1940 INV
2 1 1940 2805 1937 AND
1 1 1937 1938 INV
2 1 2840 2865 1927 AND
1 1 1927 1928 INV
2 1 1928 2819 1925 AND
2 1 1925 2852 1926 AND
1 1 1926 1931 INV
2 1 2857 2865 1932 AND
1 1 1932 1929 INV
2 1 1925 1929 1930 AND
1 1 1930 1919 INV
2 1 1919 2777 1920 AND
1 1 1920 1917 INV
2 1 1917 1931 1918 AND
1 1 1918 1923 INV
2 1 224 2837 1924 XOR
2 1 1918 1924 1921 AND
1 1 1921 1922 INV
2 1 1936 2860 1911 AND
1 1 1911 1912 INV
2 1 1912 1923 1909 AND
1 1 1909 1910 INV
2 1 1910 1922 1915 AND
2 1 1915 1937 1916 AND
1 1 1916 1913 INV
2 1 1923 1924 1914 XOR
2 1 1914 1938 1967 AND
1 1 1967 1968 INV
2 1 1913 1968 1965 AND
2 1 1965 2792 1966 AND
1 1 1966 1971 INV
2 1 1965 2789 1972 XOR
2 1 1972 2858 1969 AND
1 1 1969 1970 INV
2 1 1914 1937 1959 AND
1 1 1959 1960 INV
2 1 1915 1938 1957 AND
1 1 1957 1958 INV
2 1 1958 1960 1963 AND
2 1 1963 2789 1964 AND
1 1 1964 1961 INV
2 1 1961 1971 1962 AND
2 1 1962 2857 1951 AND
1 1 1951 1952 INV
2 1 1952 1970 1949 AND
1 1 1949 1950 INV
2 1 220 2866 1955 AND
2 1 1955 2843 1956 AND
2 1 1955 2843 1953 XOR
2 1 1949 1953 1954 AND
1 1 1954 1943 INV
2 1 1962 2858 1944 AND
1 1 1944 1941 INV
2 1 2844 2865 1942 AND
2 1 1972 2857 1947 AND
1 1 1947 1948 INV
2 1 1942 1948 1945 AND
2 1 1941 1945 1946 AND
1 1 1946 1871 INV
2 1 1950 1956 1872 AND
1 1 1872 1869 INV
2 1 1869 1871 1870 AND
2 1 1870 1943 1875 AND
2 1 1875 2809 1876 XOR
2 1 1876 2652 1873 AND
1 1 1873 1874 INV
2 1 1937 2793 1863 AND
1 1 1863 1864 INV
2 1 1925 2802 1861 AND
1 1 1861 1862 INV
2 1 1919 2791 1867 AND
1 1 1867 1868 INV
2 1 1862 1868 1865 AND
2 1 1924 2795 1866 AND
2 1 1865 1866 1855 XOR
2 1 223 1866 1856 AND
1 1 1856 1853 INV
2 1 1853 1865 1854 XOR
2 1 1854 1864 1859 AND
1 1 1859 1860 INV
2 1 1855 1863 1857 AND
1 1 1857 1858 INV
2 1 1858 1860 1847 AND
2 1 1847 2792 1848 AND
1 1 1848 1845 INV
2 1 1847 2789 1846 XOR
2 1 1846 2858 1851 AND
1 1 1851 1852 INV
2 1 1854 1863 1849 AND
1 1 1849 1850 INV
2 1 1855 1864 1903 AND
1 1 1903 1904 INV
2 1 1850 1904 1901 AND
2 1 1901 2789 1902 AND
1 1 1902 1907 INV
2 1 1845 1907 1908 AND
2 1 1908 2857 1905 AND
1 1 1905 1906 INV
2 1 1852 1906 1895 AND
2 1 1895 2843 1896 AND
1 1 1896 1893 INV
2 1 1895 2844 1894 XOR
2 1 1894 2866 1899 AND
2 1 222 1899 1900 XOR
2 1 1846 2857 1897 AND
1 1 1897 1898 INV
2 1 1908 2858 1887 AND
1 1 1887 1888 INV
2 1 1898 2844 1885 AND
2 1 1885 1888 1886 AND
1 1 1886 1891 INV
2 1 1891 1893 1892 AND
2 1 1892 2865 1889 AND
2 1 221 1889 1890 XOR
2 1 1890 1900 1879 AND
2 1 1879 2810 1880 AND
1 1 1880 1877 INV
2 1 1894 2865 1878 AND
1 1 1878 1883 INV
2 1 1892 2866 1884 AND
1 1 1884 1881 INV
2 1 1881 2809 1882 AND
2 1 1882 1883 2063 AND
1 1 2063 2064 INV
2 1 1877 2064 2061 AND
1 1 2061 2062 INV
2 1 2062 2649 2067 AND
1 1 2067 2068 INV
2 1 1874 2068 2065 AND
1 1 2065 2066 INV
2 1 2066 2780 2055 AND
1 1 2055 2056 INV
2 1 1879 2809 2053 XOR
2 1 2053 2649 2054 AND
1 1 2054 2059 INV
2 1 2059 2779 2060 AND
2 1 1874 2060 2057 AND
1 1 2057 2058 INV
2 1 2056 2058 2047 AND
1 1 2047 2871 INV
2 1 2705 2736 2048 AND
1 1 2048 2045 INV
2 1 2045 2680 2046 AND
1 1 2046 2051 INV
2 1 2051 2625 2052 AND
1 1 2052 2049 INV
2 1 2049 2716 2050 AND
2 1 2050 2617 2039 AND
2 1 2697 2724 2040 AND
1 1 2040 2037 INV
2 1 238 2039 2038 XOR
2 1 2037 2038 2043 AND
1 1 2043 2044 INV
2 1 247 2680 2041 XOR
2 1 2041 2045 2042 AND
2 1 2042 2619 2095 AND
1 1 2095 2096 INV
2 1 2615 2740 2093 AND
1 1 2093 2094 INV
2 1 2626 2681 2099 AND
1 1 2099 2100 INV
2 1 2094 2100 2097 AND
2 1 2096 2097 2098 XOR
2 1 2044 2098 2087 XOR
2 1 2043 2098 2088 XOR
2 1 2088 2613 2085 AND
1 1 2085 2086 INV
2 1 2087 2616 2091 AND
1 1 2091 2092 INV
2 1 237 2085 2089 XOR
2 1 2089 2092 2090 AND
1 1 2090 2079 INV
2 1 1838 2091 2080 AND
1 1 2080 2077 INV
2 1 236 2092 2078 AND
1 1 2078 2083 INV
2 1 2083 2086 2084 AND
2 1 2077 2084 2081 AND
2 1 2081 2736 2082 AND
1 1 2082 2071 INV
2 1 2079 2733 2072 AND
1 1 2072 2069 INV
2 1 2069 2071 2070 AND
2 1 2070 2709 2075 AND
2 1 235 2075 2076 XOR
2 1 2079 2736 2073 AND
1 1 2073 2074 INV
2 1 2081 2733 1999 AND
1 1 1999 2000 INV
2 1 2074 2710 1997 AND
2 1 1997 2000 1998 AND
1 1 1998 2003 INV
2 1 2003 2076 2004 AND
2 1 2628 2723 2001 XOR
2 1 2627 2723 2002 XOR
2 1 2002 2004 1991 AND
1 1 1991 1992 INV
2 1 280 2675 1989 XOR
2 1 1989 2663 1990 AND
1 1 1990 1995 INV
2 1 1995 2658 1996 AND
1 1 1996 1993 INV
2 1 2070 2710 1994 XOR
2 1 1994 2001 1983 AND
1 1 1983 1984 INV
2 1 1984 1993 1981 AND
2 1 1981 1992 1982 AND
1 1 1982 1987 INV
2 1 2705 2740 1988 AND
1 1 1988 1985 INV
2 1 1782 1988 1986 AND
1 1 1986 1975 INV
2 1 234 2735 1976 AND
2 1 1976 1985 1973 AND
1 1 1973 1974 INV
2 1 1974 1975 1979 AND
2 1 1979 2042 1980 XOR
2 1 2037 2050 1977 AND
2 1 2616 2736 1978 XOR
2 1 1977 1978 2031 XOR
2 1 1980 2031 2032 XOR
2 1 2032 2710 2029 AND
2 1 2032 2710 2030 XOR
2 1 2030 2627 2035 AND
2 1 1841 2030 2036 AND
1 1 2036 2033 INV
2 1 233 2029 2034 AND
1 1 2034 2023 INV
2 1 2023 2033 2024 AND
2 1 2024 2628 2021 AND
1 1 2021 2022 INV
2 1 232 2035 2027 XOR
2 1 2022 2027 2028 AND
2 1 2028 2724 2025 XOR
2 1 1996 2025 2026 AND
1 1 2026 2015 INV
2 1 2493 2532 2016 AND
1 1 2016 2013 INV
2 1 2500 2531 2014 AND
1 1 2014 2019 INV
2 1 2496 2532 2020 AND
1 1 2020 2017 INV
2 1 2017 2019 2018 AND
2 1 2018 2632 2007 AND
2 1 2007 2633 2008 XOR
2 1 2008 2530 2005 AND
1 1 2005 2006 INV
2 1 2008 2529 2011 XOR
2 1 229 2011 2012 AND
1 1 2012 2009 INV
2 1 1828 2006 2010 AND
1 1 2010 2191 INV
2 1 2009 2490 2192 AND
2 1 2191 2192 2189 AND
2 1 2011 2543 2190 AND
1 1 2190 2195 INV
2 1 1839 2189 2196 XOR
2 1 2195 2196 2193 AND
2 1 1772 2534 2194 AND
1 1 2194 2183 INV
2 1 227 2533 2184 AND
1 1 2184 2181 INV
2 1 2183 2193 2182 XOR
2 1 2181 2182 2187 AND
1 1 2187 2188 INV
2 1 2640 2671 2185 AND
1 1 2185 2186 INV
2 1 2185 2187 2175 AND
1 1 2175 2176 INV
2 1 2493 2529 2173 AND
1 1 2173 2174 INV
2 1 2174 2642 2179 AND
1 1 2179 2180 INV
2 1 2180 2546 2177 AND
2 1 231 2534 2178 AND
2 1 2177 2178 2167 XOR
2 1 2499 2543 2168 XOR
2 1 2496 2526 2165 AND
1 1 2165 2166 INV
2 1 2013 2166 2171 AND
2 1 2168 2171 2172 XOR
2 1 1783 2533 2169 AND
1 1 2169 2170 INV
2 1 2167 2172 2223 XOR
2 1 2170 2223 2224 AND
1 1 2224 2221 INV
2 1 2186 2224 2222 AND
1 1 2222 2227 INV
2 1 1993 2227 2228 AND
2 1 2176 2228 2225 AND
1 1 2225 2226 INV
2 1 1996 2640 2215 AND
2 1 2188 2215 2216 AND
1 1 2216 2213 INV
2 1 2221 2637 2214 AND
2 1 1996 2214 2219 AND
2 1 230 2219 2220 XOR
2 1 2213 2220 2217 AND
2 1 2217 2226 2218 AND
1 1 2218 2207 INV
2 1 2015 2207 2208 AND
2 1 1987 2208 2205 AND
1 1 2205 2206 INV
2 1 1994 2628 2211 AND
1 1 2211 2212 INV
2 1 2004 2627 2209 AND
1 1 2209 2210 INV
2 1 2210 2212 2199 AND
2 1 2199 2723 2200 XOR
2 1 1993 2200 2197 AND
1 1 2197 2198 INV
2 1 2015 2198 2203 AND
1 1 2203 2204 INV
2 1 226 2218 2201 XOR
2 1 2201 2204 2202 AND
1 1 2202 2127 INV
2 1 2127 2206 2128 AND
2 1 1840 2128 2872 XOR
2 1 1534 1714 2125 AND
2 1 1509 2125 2126 AND
1 1 2126 2131 INV
2 1 1713 2131 2132 AND
1 1 2132 2129 INV
2 1 1737 2578 2130 AND
2 1 2129 2130 2119 AND
1 1 2119 2120 INV
2 1 1678 2120 2117 AND
1 1 2117 2118 INV
2 1 2118 2473 2123 AND
2 1 2117 2474 2873 XOR
2 1 2117 2383 2124 AND
1 1 2124 2121 INV
2 1 2121 2462 2122 AND
2 1 2122 2442 2874 XOR
2 1 2117 2382 2111 AND
1 1 2111 2112 INV
2 1 2118 2477 2109 AND
1 1 2109 2110 INV
2 1 2110 2112 2115 AND
2 1 2115 2476 2876 XOR
2 1 1645 2132 2116 AND
1 1 2116 2113 INV
2 1 1643 2113 2114 AND
2 1 1652 2114 2877 XOR
2 1 1646 2129 2103 AND
2 1 240 2103 2104 XOR
2 1 2104 2366 2101 AND
2 1 1744 2101 2878 XOR
2 1 2114 2394 2102 AND
1 1 2102 2107 INV
2 1 2107 2362 2108 AND
2 1 1693 2108 2879 XOR
2 1 1745 2103 2105 AND
1 1 2105 2106 INV
2 1 2106 2370 2159 AND
2 1 1734 2159 2880 XOR
2 1 194 2771 2160 AND
1 1 2160 2157 INV
2 1 194 2766 2158 XOR
2 1 1315 2442 2163 XOR
2 1 2163 2673 2164 AND
2 1 1316 1679 2161 AND
1 1 2161 2162 INV
2 1 2120 2162 2151 AND
1 1 2151 2152 INV
2 1 2152 2164 2149 AND
1 1 2149 2150 INV
2 1 1679 2164 2155 AND
1 1 2155 2156 INV
2 1 304 2156 2153 AND
1 1 2153 2154 INV
2 1 2154 2668 2143 AND
2 1 2143 2150 2144 AND
1 1 2144 2141 INV
2 1 2141 2672 2142 AND
1 1 2142 2147 INV
2 1 2147 2621 2148 AND
1 1 2148 2145 INV
2 1 2145 2794 2146 AND
1 1 2146 2135 INV
2 1 2135 2768 2136 AND
1 1 2136 2133 INV
2 1 2136 2158 2881 XOR
2 1 241 2745 2134 XOR
2 1 2133 2750 2139 AND
1 1 2139 2140 INV
2 1 2134 2136 2137 AND
1 1 2137 2138 INV
2 1 2138 2140 2883 AND
2 1 1649 2132 2885 XOR
2 1 2141 2618 2319 AND
1 1 2319 2320 INV
2 1 2320 2640 2317 AND
1 1 2317 2318 INV
2 1 2496 2529 2323 XOR
2 1 2318 2323 2324 AND
1 1 2324 2321 INV
2 1 2494 2529 2322 XOR
2 1 242 2322 2311 XOR
2 1 2311 2317 2312 AND
1 1 2312 2309 INV
2 1 2309 2321 2887 AND
2 1 2317 2633 2310 AND
1 1 2310 2315 INV
2 1 2177 2318 2316 AND
1 1 2316 2313 INV
2 1 2313 2315 2314 AND
2 1 2314 2543 2889 XOR
2 1 2157 2751 2303 AND
2 1 2133 2303 2304 AND
1 1 2304 2301 INV
2 1 2157 2761 2302 AND
2 1 1319 2302 2307 XOR
2 1 2301 2307 2308 AND
1 1 2308 2890 INV
2 1 200 152 2305 AND
1 1 2305 2306 INV
2 1 1787 1826 2295 AND
1 1 2295 2296 INV
2 1 2296 2306 2293 AND
2 1 200 37 2294 AND
1 1 2294 2299 INV
2 1 1788 1826 2300 AND
1 1 2300 2297 INV
2 1 2297 2299 2298 AND
1 1 2298 2351 INV
2 1 2293 2351 2352 XOR
2 1 2293 2298 2349 XOR
2 1 148 1826 2350 AND
1 1 2350 2355 INV
2 1 200 1332 2356 AND
1 1 2356 2353 INV
2 1 2353 2355 2354 AND
2 1 299 2354 2343 XOR
1 1 2343 2344 INV
2 1 158 1826 2341 AND
1 1 2341 2342 INV
2 1 200 1793 2347 AND
1 1 2347 2348 INV
2 1 200 35 2345 AND
1 1 2345 2346 INV
2 1 1792 1826 2335 AND
1 1 2335 2336 INV
2 1 2342 2348 2333 AND
2 1 2336 2346 2334 AND
2 1 2334 2343 2339 XOR
2 1 2333 2343 2340 XOR
2 1 2339 2349 2337 AND
1 1 2337 2338 INV
2 1 260 2338 2327 AND
1 1 2327 2328 INV
2 1 2340 2352 2325 AND
1 1 2325 2326 INV
2 1 1763 2337 2331 AND
1 1 2331 2332 INV
2 1 2326 2332 2329 AND
2 1 147 1826 2330 AND
1 1 2330 2255 INV
2 1 200 1798 2256 AND
1 1 2256 2253 INV
2 1 2253 2255 2254 AND
2 1 284 2254 2259 XOR
2 1 146 1826 2260 AND
1 1 2260 2257 INV
2 1 200 1768 2258 AND
1 1 2258 2247 INV
2 1 2247 2257 2248 AND
2 1 2248 2259 2245 XOR
2 1 2245 2329 2246 XOR
2 1 2246 2328 2251 AND
2 1 32 40 2252 XOR
2 1 1826 2252 2249 AND
1 1 2249 2250 INV
2 1 200 2744 2239 AND
1 1 2239 2240 INV
2 1 2240 2250 2237 AND
2 1 174 1826 2238 AND
1 1 2238 2243 INV
2 1 200 1778 2244 AND
1 1 2244 2241 INV
2 1 2241 2243 2242 AND
2 1 170 1826 2231 AND
1 1 2231 2232 INV
2 1 200 1824 2229 AND
1 1 2229 2230 INV
2 1 2230 2232 2235 AND
1 1 2235 2236 INV
2 1 2235 2242 2233 XOR
2 1 171 1826 2234 AND
1 1 2234 2287 INV
2 1 200 1812 2288 AND
1 1 2288 2285 INV
2 1 2285 2287 2286 AND
1 1 2286 2291 INV
2 1 173 1826 2292 AND
1 1 2292 2289 INV
2 1 200 1816 2290 AND
1 1 2290 2279 INV
2 1 2279 2289 2280 AND
1 1 2280 2277 INV
2 1 2280 2286 2278 XOR
2 1 2233 2278 2283 XOR
2 1 186 1826 2284 AND
1 1 2284 2281 INV
2 1 200 1804 2282 AND
1 1 2282 2271 INV
2 1 2271 2281 2272 AND
1 1 2272 2269 INV
2 1 189 1826 2270 AND
1 1 2270 2275 INV
2 1 200 1810 2276 AND
1 1 2276 2273 INV
2 1 2273 2275 2274 AND
1 1 2274 2263 INV
2 1 2272 2274 2264 XOR
2 1 200 21 2261 AND
1 1 2261 2262 INV
2 1 1762 1826 2267 AND
1 1 2267 2268 INV
2 1 2262 2268 2265 AND
2 1 172 1826 2266 AND
1 1 2266 820 INV
2 1 200 1760 821 AND
1 1 821 818 INV
2 1 818 820 819 AND
1 1 819 824 INV
2 1 819 2265 825 XOR
2 1 200 13 822 AND
1 1 822 823 INV
2 1 1815 1826 812 AND
1 1 812 813 INV
2 1 813 823 810 AND
1 1 810 811 INV
2 1 188 1826 816 AND
1 1 816 817 INV
2 1 200 1817 814 AND
1 1 814 815 INV
2 1 815 817 804 AND
1 1 804 805 INV
2 1 804 810 802 XOR
2 1 825 2264 803 XOR
2 1 802 803 808 XOR
2 1 808 2283 809 XOR
2 1 200 3 806 AND
1 1 806 807 INV
2 1 1794 1826 796 AND
1 1 796 797 INV
2 1 797 807 794 AND
1 1 794 795 INV
2 1 200 1831 800 AND
2 1 165 1826 801 AND
1 1 801 798 INV
2 1 800 1830 799 XOR
2 1 798 799 852 AND
1 1 852 853 INV
2 1 180 1826 850 AND
1 1 850 851 INV
2 1 200 1806 856 AND
1 1 856 857 INV
2 1 851 857 854 AND
2 1 854 291 855 XOR
1 1 855 844 INV
2 1 200 1320 845 AND
1 1 845 842 INV
2 1 845 292 843 AND
1 1 843 848 INV
2 1 168 1826 849 AND
1 1 849 846 INV
2 1 842 1803 847 AND
2 1 846 847 836 AND
1 1 836 837 INV
2 1 837 848 834 AND
1 1 834 835 INV
2 1 834 852 840 XOR
2 1 794 855 841 XOR
2 1 840 841 838 XOR
2 1 183 1826 839 AND
1 1 839 828 INV
2 1 200 1832 829 AND
1 1 829 826 INV
2 1 826 828 827 AND
1 1 827 832 INV
2 1 184 1826 833 AND
1 1 833 830 INV
2 1 200 1764 831 AND
1 1 831 756 INV
2 1 756 830 757 AND
2 1 166 1826 754 AND
1 1 754 755 INV
2 1 200 1809 760 AND
1 1 760 761 INV
2 1 755 761 758 AND
1 1 758 759 INV
2 1 757 758 748 XOR
2 1 200 5 749 AND
1 1 749 746 INV
2 1 1807 1826 747 AND
1 1 747 752 INV
2 1 746 752 753 AND
2 1 182 1826 750 AND
1 1 750 751 INV
2 1 200 1796 740 AND
1 1 740 741 INV
2 1 741 751 738 AND
1 1 738 739 INV
2 1 738 753 744 XOR
2 1 169 1826 745 AND
1 1 745 742 INV
2 1 200 1802 743 AND
1 1 743 732 INV
2 1 732 742 733 AND
1 1 733 730 INV
2 1 733 827 731 XOR
2 1 731 744 736 XOR
2 1 736 748 737 XOR
2 1 737 838 734 XOR
2 1 734 809 735 AND
2 1 177 1826 788 AND
1 1 788 789 INV
2 1 200 1823 786 AND
1 1 786 787 INV
2 1 787 789 792 AND
2 1 792 297 793 XOR
1 1 793 790 INV
2 1 200 29 791 AND
1 1 791 780 INV
2 1 1330 1826 781 AND
1 1 781 778 INV
2 1 778 780 779 AND
1 1 779 784 INV
2 1 162 1826 785 AND
1 1 785 782 INV
2 1 200 1822 783 AND
1 1 783 772 INV
2 1 772 782 773 AND
1 1 773 770 INV
2 1 773 779 771 XOR
2 1 771 793 776 XOR
2 1 164 1826 777 AND
1 1 777 774 INV
2 1 200 1765 775 AND
1 1 775 764 INV
2 1 764 774 765 AND
2 1 765 776 762 XOR
2 1 762 261 763 AND
2 1 200 26 768 AND
1 1 768 769 INV
2 1 1334 1826 766 AND
1 1 766 767 INV
2 1 767 769 948 AND
2 1 161 1826 949 AND
1 1 949 946 INV
2 1 200 1821 947 AND
1 1 947 952 INV
2 1 946 952 953 AND
1 1 953 950 INV
2 1 948 953 951 XOR
2 1 200 22 940 AND
1 1 940 941 INV
2 1 1329 1826 938 AND
1 1 938 939 INV
2 1 939 941 944 AND
2 1 160 1826 945 AND
1 1 945 942 INV
2 1 200 1322 943 AND
1 1 943 932 INV
2 1 932 942 933 AND
1 1 933 930 INV
2 1 933 944 931 XOR
2 1 931 951 936 XOR
2 1 200 25 937 AND
1 1 937 934 INV
2 1 1324 1826 935 AND
1 1 935 924 INV
2 1 924 934 925 AND
2 1 151 1826 922 AND
1 1 922 923 INV
2 1 200 1365 928 AND
1 1 928 929 INV
2 1 923 929 926 AND
1 1 926 927 INV
2 1 925 926 980 XOR
2 1 936 980 981 XOR
2 1 763 981 978 XOR
2 1 735 978 979 AND
2 1 2237 2251 984 XOR
2 1 979 984 985 AND
2 1 985 1775 982 XOR
1 1 982 2906 INV
2 1 200 80 983 AND
1 1 983 972 INV
2 1 972 1575 973 AND
1 1 973 970 INV
2 1 200 81 971 AND
1 1 971 976 INV
2 1 976 1585 977 AND
1 1 977 974 INV
2 1 973 977 975 XOR
2 1 200 82 964 AND
1 1 964 965 INV
2 1 965 1605 962 AND
1 1 962 963 INV
2 1 962 256 968 XOR
2 1 200 79 969 AND
1 1 969 966 INV
2 1 966 1621 967 AND
2 1 967 1811 956 XOR
1 1 956 957 INV
2 1 956 975 954 XOR
2 1 954 968 955 XOR
2 1 192 1826 960 AND
1 1 960 961 INV
2 1 200 74 958 AND
1 1 958 959 INV
2 1 959 961 884 AND
2 1 200 1774 885 AND
1 1 885 882 INV
2 1 882 1492 883 AND
2 1 883 884 888 XOR
1 1 888 889 INV
2 1 200 77 886 AND
1 1 886 887 INV
2 1 887 1354 876 AND
2 1 200 78 877 AND
1 1 877 874 INV
2 1 874 1271 875 AND
1 1 875 880 INV
2 1 875 876 881 XOR
1 1 881 878 INV
2 1 878 889 879 AND
2 1 200 76 868 AND
1 1 868 869 INV
2 1 869 1342 866 AND
1 1 866 867 INV
2 1 200 75 872 AND
1 1 872 873 INV
2 1 873 1256 870 AND
1 1 870 871 INV
2 1 867 870 860 XOR
1 1 860 861 INV
2 1 860 879 858 AND
2 1 881 888 859 AND
2 1 881 888 864 XOR
2 1 861 864 865 AND
1 1 865 862 INV
2 1 859 860 863 AND
2 1 863 257 916 XOR
2 1 858 258 917 XOR
2 1 862 917 914 AND
2 1 914 916 915 AND
2 1 915 955 920 XOR
2 1 200 1323 921 AND
1 1 921 918 INV
2 1 918 2507 919 AND
1 1 919 908 INV
2 1 200 1325 909 AND
1 1 909 906 INV
2 1 906 2507 907 AND
2 1 909 919 912 AND
1 1 912 913 INV
2 1 907 921 910 AND
1 1 910 911 INV
2 1 911 913 900 AND
2 1 200 102 901 AND
1 1 901 898 INV
2 1 898 2692 899 AND
1 1 899 904 INV
2 1 899 900 905 XOR
2 1 200 1336 902 AND
1 1 902 903 INV
2 1 903 2507 892 AND
2 1 200 111 893 AND
1 1 893 890 INV
2 1 890 2704 891 AND
1 1 891 896 INV
2 1 892 896 897 XOR
2 1 891 892 894 XOR
2 1 200 1327 895 AND
1 1 895 1076 INV
2 1 1076 2507 1077 AND
2 1 1077 295 1074 XOR
2 1 135 1826 1075 AND
1 1 1075 1080 INV
2 1 101 200 1081 AND
1 1 1081 1078 INV
2 1 1078 1080 1079 AND
2 1 200 1328 1068 AND
1 1 1068 1069 INV
2 1 1069 2507 1066 AND
1 1 1066 1067 INV
2 1 1066 1079 1072 XOR
2 1 1072 1074 1073 XOR
2 1 905 1073 1070 XOR
2 1 897 1070 1071 XOR
2 1 894 1070 1060 XOR
2 1 200 103 1061 AND
1 1 1061 1058 INV
2 1 1058 2696 1059 AND
1 1 1059 1064 INV
2 1 200 104 1065 AND
1 1 1065 1062 INV
2 1 1062 2726 1063 AND
1 1 1063 1052 INV
2 1 1059 1063 1053 XOR
2 1 1063 1064 1050 XOR
2 1 1050 1071 1051 AND
1 1 1051 1056 INV
2 1 1053 1060 1057 AND
1 1 1057 1054 INV
2 1 200 1799 1055 AND
1 1 1055 1108 INV
2 1 1108 2507 1109 AND
1 1 1109 1106 INV
2 1 200 1789 1107 AND
1 1 1107 1112 INV
2 1 1112 2507 1113 AND
2 1 1107 1109 1110 AND
1 1 1110 1111 INV
2 1 1055 1113 1100 AND
1 1 1100 1101 INV
2 1 1101 1111 1098 AND
2 1 200 1791 1099 AND
1 1 1099 1104 INV
2 1 1104 2507 1105 AND
1 1 1105 1102 INV
2 1 200 1790 1103 AND
1 1 1103 1092 INV
2 1 1092 2507 1093 AND
1 1 1093 1090 INV
2 1 1103 1105 1091 AND
1 1 1091 1096 INV
2 1 1093 1099 1097 AND
1 1 1097 1094 INV
2 1 1094 1096 1095 AND
2 1 1095 1098 1084 XOR
2 1 118 117 1085 XOR
2 1 200 2507 1082 AND
2 1 1085 1829 1083 XOR
2 1 1082 1083 1088 AND
2 1 1088 1777 1089 XOR
2 1 1084 1089 1086 XOR
2 1 200 92 1087 AND
1 1 1087 1012 INV
2 1 1012 1658 1013 AND
1 1 1013 1010 INV
2 1 1013 254 1011 XOR
2 1 200 91 1016 AND
1 1 1016 1017 INV
2 1 1017 2449 1014 AND
2 1 1014 290 1015 XOR
1 1 1015 1004 INV
2 1 200 90 1005 AND
1 1 1005 1002 INV
2 1 1002 2423 1003 AND
1 1 1003 1008 INV
2 1 200 93 1009 AND
1 1 1009 1006 INV
2 1 1006 2483 1007 AND
1 1 1007 996 INV
2 1 1003 1007 997 XOR
2 1 997 1011 994 XOR
2 1 994 1015 995 XOR
2 1 200 88 1000 AND
1 1 1000 1001 INV
2 1 1001 1701 998 AND
2 1 998 1808 999 XOR
1 1 999 988 INV
2 1 200 86 989 AND
1 1 989 986 INV
2 1 986 1722 987 AND
1 1 987 992 INV
2 1 987 255 993 XOR
2 1 993 999 990 XOR
2 1 200 95 991 AND
1 1 991 1044 INV
2 1 1044 1651 1045 AND
1 1 1045 1042 INV
2 1 145 1826 1043 AND
1 1 1043 1048 INV
2 1 85 200 1049 AND
1 1 1049 1046 INV
2 1 1046 1048 1047 AND
2 1 1045 1047 1036 XOR
2 1 200 87 1037 AND
1 1 1037 1034 INV
2 1 1034 1691 1035 AND
1 1 1035 1040 INV
2 1 200 89 1041 AND
1 1 1041 1038 INV
2 1 1038 1733 1039 AND
1 1 1039 1028 INV
2 1 1035 1039 1029 XOR
2 1 1029 1036 1026 XOR
2 1 990 1026 1027 XOR
2 1 995 1027 1032 XOR
2 1 1056 1086 1033 AND
2 1 1032 1054 1030 AND
2 1 920 1030 1031 AND
2 1 1031 1033 1020 AND
1 1 1020 2905 INV
2 1 1705 1730 1021 XOR
2 1 1021 265 1018 XOR
2 1 55 200 1019 AND
1 1 1019 1024 INV
2 1 1024 1048 1025 AND
2 1 1025 1655 1022 XOR
2 1 1025 1654 1023 XOR
2 1 1695 1729 1204 XOR
2 1 1022 1204 1205 AND
1 1 1205 1202 INV
2 1 1204 1754 1203 XOR
2 1 1023 1203 1208 AND
2 1 1208 263 1209 AND
1 1 1209 1206 INV
2 1 1202 1206 1207 AND
1 1 1207 1196 INV
2 1 1018 1196 1197 AND
1 1 1197 1194 INV
2 1 1018 1208 1195 AND
1 1 1195 1200 INV
2 1 1200 1757 1201 AND
1 1 1201 1198 INV
2 1 1022 1203 1199 AND
1 1 1199 1188 INV
2 1 1023 1204 1189 AND
1 1 1189 1186 INV
2 1 1186 1188 1187 AND
1 1 1187 1192 INV
2 1 1021 1192 1193 AND
1 1 1193 1190 INV
2 1 1190 1198 1191 AND
2 1 1191 1194 1180 AND
2 1 262 2440 1181 XOR
2 1 1665 2422 1178 XOR
2 1 1178 2471 1179 XOR
2 1 1179 1181 1184 XOR
2 1 1562 1608 1185 XOR
2 1 1254 1572 1182 XOR
2 1 1182 1185 1183 XOR
2 1 200 1769 1236 AND
1 1 1236 1237 INV
2 1 1237 1492 1234 AND
2 1 43 200 1235 AND
1 1 1235 1240 INV
2 1 961 1240 1241 AND
2 1 1234 1241 1238 XOR
2 1 1361 1624 1239 XOR
2 1 1238 1239 1228 XOR
2 1 1258 1266 1229 XOR
2 1 1228 1229 1226 XOR
2 1 1183 1226 1227 XOR
2 1 2506 2540 1232 AND
1 1 1232 1233 INV
2 1 2508 2538 1230 AND
1 1 1230 1231 INV
2 1 1231 1233 1220 AND
2 1 1220 2485 1221 XOR
2 1 121 200 1218 AND
1 1 1218 1219 INV
2 1 1080 1219 1224 AND
2 1 2517 2547 1225 AND
1 1 1225 1222 INV
2 1 2523 2541 1223 AND
1 1 1223 1212 INV
2 1 1212 1222 1213 AND
2 1 2690 2730 1210 XOR
2 1 2650 2824 1211 AND
1 1 1211 1216 INV
2 1 2832 2834 1217 AND
1 1 1217 1214 INV
2 1 1214 1216 1215 AND
1 1 1215 1140 INV
2 1 2816 2856 1141 AND
1 1 1141 1138 INV
2 1 2826 2854 1139 AND
1 1 1139 1144 INV
2 1 1138 1144 1145 AND
2 1 1140 1145 1142 XOR
2 1 1142 1767 1143 AND
2 1 70 73 1132 XOR
2 1 1132 1766 1133 XOR
2 1 1082 1133 1130 AND
2 1 1130 1143 1131 XOR
2 1 1131 1227 1136 AND
2 1 1224 2699 1137 XOR
2 1 1137 2708 1134 XOR
2 1 1134 1213 1135 XOR
2 1 1135 1210 1124 XOR
2 1 1124 1221 1125 XOR
2 1 1125 1136 1122 AND
2 1 1180 1184 1123 XOR
2 1 1122 1123 1128 AND
1 1 1128 2907 INV
2 1 1020 1128 1129 AND
2 1 982 1129 1126 AND
1 1 1126 1127 INV
2 1 1127 1770 1116 AND
1 1 1116 1117 INV
2 1 1126 245 1114 AND
1 1 1114 1115 INV
2 1 54 42 1120 AND
2 1 132 98 1121 AND
2 1 1120 1121 1118 AND
2 1 1118 330 1119 XOR
1 1 1119 2931 INV
2 1 52 64 1172 AND
2 1 130 72 1173 AND
2 1 1172 1173 1170 AND
1 1 1170 2930 INV
2 1 96 97 1171 AND
2 1 99 100 1176 AND
2 1 1171 1176 1177 AND
1 1 1177 2929 INV
2 1 94 83 1174 AND
2 1 110 120 1175 AND
2 1 1174 1175 1164 AND
1 1 1164 2928 INV
2 1 1164 1177 1165 AND
2 1 1165 1170 1162 AND
2 1 1119 1162 1163 AND
2 1 1115 1163 1168 AND
2 1 1117 1168 1169 AND
1 1 1169 2891 INV
2 1 2145 2792 1166 AND
1 1 1166 1167 INV
2 1 1167 2778 1156 AND
1 1 1156 1157 INV
2 1 1157 2857 1154 AND
1 1 1154 1155 INV
2 1 1156 2858 2892 XOR
2 1 1155 2860 1160 AND
2 1 1160 2866 2893 XOR
2 1 1166 1932 1161 AND
1 1 1161 1158 INV
2 1 2838 2865 1159 AND
1 1 1159 1148 INV
2 1 1148 2819 1149 AND
2 1 1149 1158 1146 AND
2 1 1146 2809 2894 XOR
2 1 1937 2148 1147 AND
1 1 1147 1152 INV
2 1 1152 1864 1153 AND
2 1 1153 2843 2895 XOR
2 1 2141 2616 1150 AND
1 1 1150 1151 INV
2 1 1151 2706 424 AND
1 1 424 425 INV
2 1 425 2736 422 AND
1 1 422 423 INV
2 1 424 2733 2896 XOR
2 1 423 2041 428 AND
2 1 428 2628 2897 XOR
2 1 2627 2736 429 AND
2 1 429 1150 426 AND
2 1 426 1771 427 XOR
2 1 427 2738 416 AND
2 1 416 2723 2898 XOR
2 1 2141 2620 417 AND
1 1 417 414 INV
2 1 414 1977 415 AND
2 1 415 2710 2899 XOR
2 1 2303 2765 420 AND
1 1 420 421 INV
2 1 421 2307 418 AND
2 1 2303 2794 419 AND
2 1 419 2649 408 AND
1 1 408 409 INV
2 1 409 418 406 AND
1 1 406 2900 INV
2 1 738 1004 407 AND
1 1 407 412 INV
2 1 855 996 413 AND
1 1 413 410 INV
2 1 753 1008 411 AND
2 1 753 1008 400 XOR
2 1 400 410 401 AND
2 1 401 412 398 AND
2 1 795 1013 399 AND
1 1 399 404 INV
2 1 844 1007 405 AND
1 1 405 402 INV
2 1 402 404 403 AND
2 1 739 1015 456 AND
1 1 456 457 INV
2 1 794 1010 454 AND
1 1 454 455 INV
2 1 455 457 460 AND
2 1 398 403 461 AND
2 1 460 461 458 AND
2 1 458 289 459 XOR
2 1 852 999 448 AND
1 1 448 449 INV
2 1 758 1039 446 AND
1 1 446 447 INV
2 1 447 449 452 AND
2 1 853 988 453 AND
1 1 453 450 INV
2 1 834 992 451 AND
1 1 451 440 INV
2 1 730 1042 441 AND
1 1 441 438 INV
2 1 438 440 439 AND
1 1 439 444 INV
2 1 835 987 445 AND
1 1 445 442 INV
2 1 827 1035 443 AND
1 1 443 432 INV
2 1 432 442 433 AND
2 1 433 444 430 AND
1 1 430 431 INV
2 1 832 1040 436 AND
1 1 436 437 INV
2 1 431 437 434 AND
1 1 434 435 INV
2 1 435 282 360 AND
1 1 360 361 INV
2 1 361 450 358 AND
1 1 358 359 INV
2 1 359 452 364 AND
1 1 364 365 INV
2 1 759 1028 362 AND
1 1 362 363 INV
2 1 436 452 352 AND
1 1 352 353 INV
2 1 353 1805 350 AND
1 1 350 351 INV
2 1 351 363 356 AND
2 1 356 365 357 AND
1 1 357 354 INV
2 1 354 459 355 AND
1 1 355 344 INV
2 1 411 412 345 AND
1 1 345 342 INV
2 1 342 460 343 AND
1 1 343 348 INV
2 1 348 403 349 AND
1 1 349 346 INV
2 1 346 410 347 AND
2 1 344 347 336 AND
1 1 336 337 INV
2 1 876 301 334 XOR
2 1 876 1813 335 XOR
2 1 334 2291 340 AND
1 1 340 341 INV
2 1 824 871 338 AND
1 1 338 339 INV
2 1 193 2238 392 AND
1 1 392 393 INV
2 1 867 2236 390 AND
1 1 390 391 INV
2 1 339 391 396 AND
2 1 393 396 397 AND
1 1 397 394 INV
2 1 875 2280 395 AND
1 1 395 384 INV
2 1 384 1759 385 AND
1 1 385 382 INV
2 1 819 870 383 AND
1 1 383 388 INV
2 1 383 391 389 AND
1 1 389 386 INV
2 1 1439 1833 387 AND
1 1 387 376 INV
2 1 866 2235 377 AND
1 1 377 374 INV
2 1 335 2286 375 AND
1 1 375 380 INV
2 1 386 394 381 AND
2 1 381 382 378 AND
1 1 378 379 INV
2 1 376 388 368 AND
2 1 368 397 369 AND
2 1 369 157 366 AND
1 1 366 367 INV
2 1 367 379 372 AND
1 1 372 373 INV
2 1 373 374 370 AND
1 1 370 371 INV
2 1 341 371 552 AND
1 1 552 553 INV
2 1 341 1759 550 AND
2 1 381 550 551 AND
1 1 551 556 INV
2 1 395 556 557 AND
1 1 557 554 INV
2 1 380 554 555 AND
2 1 553 555 544 AND
1 1 544 545 INV
2 1 880 2277 542 AND
1 1 542 543 INV
2 1 956 2263 548 AND
1 1 548 549 INV
2 1 543 549 546 AND
2 1 545 546 547 AND
1 1 547 536 INV
2 1 957 2274 537 AND
1 1 537 534 INV
2 1 805 970 535 AND
2 1 811 977 540 AND
1 1 540 541 INV
2 1 804 973 538 XOR
2 1 538 541 539 AND
2 1 534 539 528 AND
2 1 528 536 529 AND
1 1 529 526 INV
2 1 535 541 527 AND
1 1 527 532 INV
2 1 810 974 533 AND
1 1 533 530 INV
2 1 963 2269 531 AND
1 1 531 584 INV
2 1 530 584 585 AND
2 1 532 585 582 AND
2 1 526 582 583 AND
1 1 583 588 INV
2 1 363 437 589 AND
2 1 962 2272 586 AND
1 1 586 587 INV
2 1 733 1045 576 AND
1 1 576 577 INV
2 1 577 587 574 AND
2 1 574 589 575 AND
2 1 450 575 580 AND
2 1 452 580 581 AND
2 1 433 439 578 AND
2 1 578 581 579 AND
2 1 459 579 568 AND
2 1 568 588 569 AND
1 1 569 566 INV
2 1 336 566 567 AND
2 1 567 1776 2901 XOR
2 1 2144 2613 2903 XOR
2 1 1105 2343 572 AND
1 1 572 573 INV
2 1 1093 2334 570 AND
1 1 570 571 INV
2 1 571 573 560 AND
2 1 1102 2344 561 AND
1 1 561 558 INV
2 1 1090 2333 559 AND
1 1 559 564 INV
2 1 560 564 565 AND
2 1 558 565 562 AND
2 1 1113 2293 563 AND
2 1 1113 2293 488 XOR
2 1 2254 2502 489 XOR
2 1 1106 2351 486 AND
1 1 486 487 INV
2 1 1109 2298 492 AND
1 1 492 493 INV
2 1 487 493 490 AND
2 1 0 1801 491 AND
2 1 491 298 480 XOR
2 1 491 1800 481 XOR
2 1 0 1795 478 AND
1 1 478 479 INV
2 1 479 480 484 AND
1 1 484 485 INV
2 1 485 1820 482 AND
1 1 482 483 INV
2 1 478 481 472 AND
1 1 472 473 INV
2 1 473 194 470 AND
1 1 470 471 INV
2 1 483 489 476 AND
2 1 488 490 477 AND
2 1 476 477 474 AND
2 1 471 474 475 AND
2 1 475 562 464 AND
2 1 926 1067 465 AND
1 1 465 462 INV
2 1 944 1074 463 AND
2 1 944 1074 468 XOR
2 1 462 468 469 AND
2 1 927 1066 466 AND
1 1 466 467 INV
2 1 919 930 520 AND
1 1 520 521 INV
2 1 467 521 518 AND
2 1 907 925 519 AND
2 1 908 933 524 AND
1 1 524 525 INV
2 1 907 925 522 XOR
2 1 518 525 523 AND
2 1 522 523 512 AND
2 1 469 512 513 AND
2 1 892 948 510 AND
1 1 510 511 INV
2 1 892 948 516 XOR
2 1 773 1059 517 AND
1 1 517 514 INV
2 1 516 1331 515 XOR
2 1 514 515 504 AND
2 1 784 899 505 AND
1 1 505 502 INV
2 1 770 1064 503 AND
1 1 503 508 INV
2 1 779 904 509 AND
1 1 509 506 INV
2 1 506 508 507 AND
1 1 507 496 INV
2 1 502 507 497 AND
2 1 497 504 494 AND
2 1 790 896 495 AND
2 1 950 1052 500 AND
2 1 953 1063 501 XOR
2 1 495 501 498 AND
2 1 498 288 499 XOR
2 1 494 499 680 AND
1 1 680 681 INV
2 1 501 504 678 AND
2 1 496 678 679 AND
1 1 679 684 INV
2 1 511 684 685 AND
2 1 681 685 682 AND
2 1 500 516 683 AND
1 1 683 672 INV
2 1 682 1333 673 XOR
2 1 672 673 670 AND
1 1 670 671 INV
2 1 513 671 676 AND
1 1 676 677 INV
2 1 519 525 674 AND
1 1 674 675 INV
2 1 518 675 664 AND
1 1 664 665 INV
2 1 469 665 662 AND
1 1 662 663 INV
2 1 463 286 668 XOR
2 1 663 668 669 AND
2 1 669 677 666 AND
1 1 666 667 INV
2 1 464 667 656 AND
1 1 656 657 INV
2 1 2259 2507 654 AND
2 1 487 654 655 AND
1 1 655 660 INV
2 1 493 660 661 AND
1 1 661 658 INV
2 1 562 658 659 AND
2 1 488 659 712 AND
2 1 712 283 713 XOR
2 1 558 563 710 AND
1 1 710 711 INV
2 1 560 711 716 AND
1 1 716 717 INV
2 1 564 717 714 AND
1 1 714 715 INV
2 1 713 715 704 AND
1 1 704 705 INV
2 1 483 705 702 AND
1 1 702 703 INV
2 1 471 703 708 AND
2 1 793 891 709 XOR
2 1 464 709 706 AND
2 1 501 513 707 AND
2 1 494 707 696 AND
2 1 696 706 697 AND
2 1 569 697 694 AND
1 1 694 695 INV
2 1 695 708 700 AND
2 1 337 697 701 AND
1 1 701 698 INV
2 1 657 700 699 AND
2 1 698 699 688 AND
2 1 688 252 2904 XOR
2 1 267 1537 689 XOR
2 1 689 1508 2908 XOR
2 1 1508 1600 686 AND
1 1 686 687 INV
2 1 687 1623 692 AND
2 1 692 1504 2909 XOR
2 1 1512 1714 693 XOR
2 1 693 1508 690 AND
1 1 690 691 INV
2 1 1577 1610 616 XOR
2 1 616 1509 617 AND
1 1 617 614 INV
2 1 614 691 2910 AND
2 1 269 1721 615 XOR
2 1 615 1708 620 AND
2 1 620 268 621 XOR
2 1 1509 1617 618 AND
1 1 618 619 INV
2 1 621 1508 608 AND
1 1 608 609 INV
2 1 609 619 606 AND
2 1 606 1594 2911 XOR
2 1 1298 1837 607 AND
1 1 607 612 INV
2 1 612 1490 613 AND
2 1 613 1246 2912 XOR
2 1 272 1305 610 XOR
2 1 1 1390 611 AND
1 1 611 600 INV
2 1 1287 1301 601 AND
1 1 601 598 INV
2 1 598 600 599 AND
2 1 599 610 604 AND
2 1 270 1272 605 XOR
2 1 604 605 2913 XOR
2 1 613 1383 602 AND
1 1 602 603 INV
2 1 603 1296 592 AND
2 1 273 1344 593 XOR
2 1 592 593 2914 XOR
2 1 1 1246 590 AND
2 1 590 1454 591 AND
1 1 591 596 INV
2 1 596 1761 597 AND
1 1 597 594 INV
2 1 591 277 595 AND
1 1 595 648 INV
2 1 648 1491 649 AND
2 1 594 649 646 AND
1 1 646 647 INV
2 1 647 1446 652 AND
2 1 275 276 653 XOR
2 1 653 1252 650 XOR
2 1 650 652 2915 XOR
2 1 419 2672 651 AND
2 1 651 1993 640 AND
1 1 640 641 INV
2 1 419 2622 638 AND
1 1 638 639 INV
2 1 418 639 644 AND
2 1 641 644 645 AND
1 1 645 2916 INV
2 1 701 281 642 XOR
2 1 642 700 643 AND
2 1 657 285 632 XOR
2 1 632 643 633 AND
1 1 633 2917 INV
2 1 651 2141 630 AND
1 1 630 631 INV
2 1 638 311 636 XOR
2 1 418 636 637 AND
2 1 631 637 634 AND
1 1 634 2919 INV
2 1 1 1491 2920 XOR
2 1 138 139 635 AND
2 1 635 1366 624 AND
1 1 624 2922 INV
2 1 41 1366 625 AND
1 1 625 2925 INV
2 1 2123 2163 622 AND
1 1 622 623 INV
2 1 2442 2458 628 AND
1 1 628 629 INV
2 1 629 2430 626 AND
2 1 623 626 627 AND
2 1 627 2451 2875 XOR
2 1 2317 2499 2886 XOR
2 1 2630 2641 724 AND
2 1 724 2539 725 XOR
2 1 725 2317 722 AND
1 1 722 723 INV
2 1 2174 2641 728 AND
2 1 244 2533 729 XOR
2 1 728 729 726 XOR
2 1 726 2318 727 AND
1 1 727 720 INV
2 1 720 723 721 AND
2 1 721 243 2888 XOR
2 1 2148 2792 718 XOR
2 1 718 251 2902 XOR
2 1 119 205 2921 AND
2 1 1366 1367 719 AND
1 1 719 2932 INV
2 1 2923 331 2933 XOR
2 1 332 1797 2934 XOR
2 1 39 333 2935 XOR
2 1 2136 2158 2882 XOR
2 1 2138 2140 2884 AND
1 1 633 2918 INV
1 1 624 2924 INV
1 1 625 2927 INV
1 1 201 2926 INV