1020 1303
5 64 64 64 64 27
1 58

1 1 162 821 INV
1 1 163 822 INV
1 1 17 819 INV
1 1 169 820 INV
1 1 15 813 INV
1 1 166 814 INV
1 1 187 811 INV
1 1 11 812 INV
1 1 192 817 INV
1 1 36 818 INV
1 1 206 815 INV
1 1 38 816 INV
1 1 132 805 INV
1 1 143 806 INV
1 1 220 803 INV
1 1 22 804 INV
1 1 137 809 INV
1 1 34 810 INV
1 1 259 807 INV
1 1 39 808 INV
1 1 16 797 INV
1 1 156 798 INV
1 1 23 795 INV
1 1 27 796 INV
1 1 175 801 INV
1 1 25 802 INV
1 1 177 799 INV
1 1 26 800 INV
1 1 18 849 INV
1 1 19 850 INV
1 1 30 847 INV
1 1 28 848 INV
1 1 161 853 INV
1 1 24 854 INV
1 1 159 851 INV
1 1 182 852 INV
1 1 186 841 INV
1 1 21 842 INV
1 1 183 839 INV
1 1 188 840 INV
1 1 193 845 INV
1 1 197 846 INV
1 1 126 843 INV
1 1 203 844 INV
1 1 207 833 INV
1 1 228 834 INV
1 1 229 831 INV
1 1 239 832 INV
1 1 234 837 INV
1 1 223 838 INV
1 1 224 835 INV
1 1 134 836 INV
1 1 209 825 INV
1 1 136 826 INV
1 1 218 823 INV
1 1 149 824 INV
1 1 33 829 INV
1 1 210 830 INV
1 1 130 827 INV
1 1 242 828 INV
1 1 13 945 INV
1 1 248 946 INV
1 1 247 943 INV
1 1 250 944 INV
1 1 251 949 INV
1 1 252 950 INV
1 1 253 947 INV
1 1 254 948 INV
1 1 257 937 INV
1 1 262 938 INV
1 1 261 935 INV
1 1 263 936 INV
1 1 99 941 INV
1 1 120 942 INV
1 1 88 939 INV
1 1 264 940 INV
1 1 124 929 INV
1 1 92 930 INV
1 1 103 927 INV
1 1 113 928 INV
1 1 266 933 INV
1 1 265 934 INV
1 1 268 931 INV
1 1 270 932 INV
1 1 275 921 INV
1 1 277 922 INV
1 1 41 919 INV
1 1 112 1293 INV
1 1 59 1294 INV
1 1 102 1295 INV
1 1 79 1296 INV
1 1 91 1297 INV
1 1 49 1298 INV
1 1 123 1299 INV
1 1 280 920 INV
2 1 12 273 925 XOR
2 1 11 925 926 AND
2 1 926 57 923 AND
1 1 923 924 INV
2 1 812 274 977 XOR
2 1 925 977 978 AND
2 1 978 47 975 AND
1 1 975 976 INV
2 1 924 976 981 AND
2 1 12 977 982 AND
2 1 982 77 979 AND
1 1 979 980 INV
2 1 11 12 969 AND
2 1 969 67 970 AND
1 1 970 967 INV
2 1 967 980 968 AND
2 1 968 981 973 AND
2 1 973 271 974 XOR
2 1 50 978 971 AND
1 1 971 972 INV
2 1 70 969 961 AND
1 1 961 962 INV
2 1 80 982 959 AND
1 1 959 960 INV
2 1 60 926 965 AND
1 1 965 966 INV
2 1 962 966 963 AND
2 1 963 972 964 AND
2 1 960 964 953 AND
2 1 825 953 954 XOR
1 1 954 951 INV
2 1 46 978 952 AND
1 1 952 957 INV
2 1 969 66 958 AND
1 1 958 955 INV
2 1 982 76 956 AND
1 1 956 881 INV
2 1 881 957 882 AND
2 1 882 955 879 AND
2 1 56 926 880 AND
2 1 272 880 885 XOR
2 1 879 885 1281 AND
2 1 1281 974 886 XOR
2 1 886 954 883 XOR
2 1 886 951 884 XOR
2 1 63 969 873 AND
1 1 873 874 INV
2 1 53 926 871 AND
1 1 871 872 INV
2 1 872 874 877 AND
2 1 978 43 878 AND
2 1 982 73 875 AND
2 1 823 875 876 XOR
2 1 219 878 865 XOR
2 1 865 877 866 AND
2 1 866 876 863 AND
1 1 863 864 INV
2 1 969 64 869 AND
2 1 869 226 870 XOR
2 1 982 74 867 AND
1 1 867 868 INV
2 1 926 54 857 AND
1 1 857 858 INV
2 1 978 44 855 AND
1 1 855 856 INV
2 1 856 868 861 AND
2 1 858 870 862 AND
2 1 861 862 859 AND
2 1 201 859 860 XOR
2 1 41 978 913 AND
2 1 71 982 914 AND
1 1 914 911 INV
2 1 844 914 912 AND
1 1 912 917 INV
2 1 51 926 918 AND
2 1 202 918 915 XOR
2 1 61 969 916 AND
1 1 916 905 INV
2 1 203 911 906 AND
1 1 906 903 INV
2 1 204 913 904 XOR
2 1 905 917 909 AND
2 1 909 915 910 AND
2 1 903 910 907 AND
2 1 904 907 908 AND
1 1 908 897 INV
2 1 860 864 898 XOR
2 1 897 898 895 XOR
2 1 898 908 896 XOR
2 1 812 273 901 AND
1 1 901 902 INV
2 1 902 982 899 AND
2 1 200 899 900 XOR
2 1 52 926 889 AND
1 1 889 890 INV
2 1 62 969 887 AND
1 1 887 888 INV
2 1 72 982 893 AND
1 1 893 894 INV
2 1 890 894 891 AND
2 1 888 891 892 AND
2 1 42 978 373 AND
2 1 222 373 374 XOR
2 1 374 892 371 AND
1 1 371 372 INV
2 1 982 75 377 AND
1 1 377 378 INV
2 1 969 65 375 AND
1 1 375 376 INV
2 1 376 378 365 AND
2 1 926 55 366 AND
1 1 366 363 INV
2 1 978 45 364 AND
1 1 364 369 INV
2 1 363 369 370 AND
2 1 365 370 367 AND
1 1 367 368 INV
2 1 368 371 357 XOR
2 1 926 58 358 AND
1 1 358 355 INV
2 1 969 68 356 AND
2 1 356 948 361 XOR
2 1 355 361 362 AND
2 1 982 78 359 AND
1 1 359 360 INV
2 1 978 48 349 AND
1 1 349 350 INV
2 1 350 360 347 AND
2 1 347 362 348 AND
2 1 348 947 353 XOR
2 1 348 253 354 XOR
2 1 354 900 351 XOR
2 1 351 357 352 XOR
2 1 352 895 405 XOR
2 1 352 896 406 XOR
2 1 406 883 403 AND
1 1 403 404 INV
2 1 405 884 409 AND
1 1 409 410 INV
2 1 410 843 407 AND
2 1 404 407 1251 AND
1 1 1251 408 INV
2 1 18 17 397 AND
2 1 18 17 398 XOR
2 1 18 819 395 XOR
2 1 850 0 396 XOR
2 1 19 0 401 XOR
2 1 395 401 402 AND
1 1 402 399 INV
2 1 396 398 400 AND
1 1 400 389 INV
2 1 399 946 390 AND
2 1 389 390 387 AND
1 1 387 388 INV
2 1 388 247 393 AND
1 1 393 394 INV
2 1 16 15 391 AND
2 1 16 813 392 XOR
2 1 392 393 381 AND
1 1 381 382 INV
2 1 389 943 379 AND
1 1 379 380 INV
2 1 380 392 385 AND
1 1 385 386 INV
2 1 386 394 383 AND
1 1 383 384 INV
2 1 382 384 309 AND
1 1 309 310 INV
2 1 945 14 307 XOR
2 1 245 246 308 XOR
2 1 307 308 313 XOR
2 1 310 313 314 XOR
1 1 314 1256 INV
2 1 314 408 311 AND
2 1 39 818 312 AND
2 1 312 115 301 AND
1 1 301 302 INV
2 1 39 36 299 AND
2 1 299 94 300 AND
1 1 300 305 INV
2 1 36 808 306 AND
2 1 306 105 303 AND
1 1 303 304 INV
2 1 808 818 293 AND
1 1 293 294 INV
2 1 293 83 291 AND
1 1 291 292 INV
2 1 292 304 297 AND
2 1 297 305 298 AND
2 1 298 807 295 XOR
2 1 295 302 296 AND
2 1 306 106 285 AND
1 1 285 286 INV
2 1 299 95 283 AND
1 1 283 284 INV
2 1 284 286 289 AND
2 1 293 84 290 AND
1 1 290 287 INV
2 1 312 116 288 AND
1 1 288 341 INV
2 1 287 341 342 AND
2 1 289 342 339 AND
1 1 339 1272 INV
2 1 296 339 340 XOR
2 1 1272 296 345 XOR
2 1 93 299 346 AND
2 1 346 833 343 XOR
2 1 114 818 344 AND
1 1 344 333 INV
2 1 104 808 334 AND
1 1 334 331 INV
2 1 331 333 332 AND
1 1 332 337 INV
2 1 294 337 338 AND
1 1 338 335 INV
2 1 82 293 336 AND
1 1 336 325 INV
2 1 325 335 326 AND
2 1 326 343 323 AND
1 1 323 324 INV
2 1 312 929 329 AND
1 1 329 330 INV
2 1 299 927 327 AND
1 1 327 328 INV
2 1 328 330 317 AND
2 1 306 928 318 AND
1 1 318 315 INV
2 1 293 930 316 AND
1 1 316 321 INV
2 1 315 321 322 AND
2 1 317 322 319 AND
1 1 319 320 INV
2 1 319 323 501 XOR
1 1 501 502 INV
2 1 199 501 499 XOR
1 1 499 500 INV
2 1 345 502 505 AND
1 1 505 506 INV
2 1 340 500 503 AND
1 1 503 504 INV
2 1 504 506 493 AND
2 1 193 493 494 AND
1 1 494 491 INV
2 1 312 118 492 AND
2 1 492 934 497 XOR
2 1 293 86 498 AND
1 1 498 495 INV
2 1 495 933 496 AND
1 1 496 485 INV
2 1 498 266 486 AND
1 1 486 483 INV
2 1 306 108 484 AND
1 1 484 489 INV
2 1 299 97 490 AND
1 1 490 487 INV
2 1 487 489 488 AND
2 1 483 488 477 AND
2 1 477 485 478 AND
2 1 478 497 1277 AND
1 1 1277 1270 INV
2 1 312 117 475 AND
1 1 475 476 INV
2 1 299 96 481 AND
1 1 481 482 INV
2 1 476 482 479 AND
2 1 306 107 480 AND
1 1 480 533 INV
2 1 293 85 534 AND
1 1 534 531 INV
2 1 531 533 532 AND
2 1 479 532 1276 AND
1 1 1276 1271 INV
2 1 194 1276 537 XOR
2 1 537 1270 538 XOR
2 1 537 1277 535 XOR
2 1 491 535 536 AND
1 1 536 525 INV
2 1 493 845 526 AND
1 1 526 523 INV
2 1 345 499 524 AND
1 1 524 529 INV
2 1 340 501 530 AND
1 1 530 527 INV
2 1 527 529 528 AND
1 1 528 517 INV
2 1 528 538 518 AND
2 1 518 523 515 AND
1 1 515 516 INV
2 1 516 525 521 AND
2 1 293 90 522 AND
1 1 522 519 INV
2 1 519 938 520 AND
1 1 520 509 INV
2 1 306 111 510 AND
2 1 510 260 507 XOR
2 1 507 509 508 AND
2 1 312 122 513 AND
2 1 513 935 514 XOR
2 1 522 262 511 AND
1 1 511 512 INV
2 1 299 101 437 AND
1 1 437 438 INV
2 1 438 512 435 AND
2 1 435 514 436 AND
2 1 436 508 441 AND
1 1 441 1266 INV
2 1 312 121 442 AND
1 1 442 439 INV
2 1 293 89 440 AND
1 1 440 429 INV
2 1 429 439 430 AND
2 1 306 110 427 AND
1 1 427 428 INV
2 1 299 100 433 AND
1 1 433 434 INV
2 1 428 434 431 AND
2 1 430 431 432 AND
1 1 432 1267 INV
2 1 195 196 421 XOR
2 1 421 432 422 XOR
2 1 422 441 419 XOR
2 1 312 119 420 AND
2 1 420 931 425 XOR
2 1 306 109 426 AND
1 1 426 423 INV
2 1 293 87 424 AND
1 1 424 413 INV
2 1 299 98 414 AND
1 1 414 411 INV
2 1 411 423 412 AND
2 1 412 413 417 AND
2 1 417 425 418 AND
2 1 418 267 1278 XOR
1 1 1278 1269 INV
2 1 312 942 415 AND
1 1 415 416 INV
2 1 293 939 469 AND
1 1 469 470 INV
2 1 299 941 467 AND
1 1 467 468 INV
2 1 468 470 473 AND
2 1 416 473 474 AND
2 1 474 936 1268 XOR
1 1 1268 471 INV
2 1 1268 1278 472 XOR
2 1 419 472 461 XOR
2 1 461 521 462 XOR
2 1 462 843 459 AND
2 1 459 817 460 XOR
2 1 5 4 465 XOR
1 1 465 466 INV
2 1 8 9 463 XOR
1 1 463 464 INV
2 1 6 7 453 XOR
1 1 453 454 INV
2 1 454 464 451 AND
2 1 451 465 452 AND
2 1 452 949 457 XOR
2 1 453 463 458 AND
2 1 458 465 455 AND
2 1 453 463 456 XOR
2 1 456 466 445 AND
1 1 445 446 INV
2 1 455 950 443 XOR
2 1 443 457 444 AND
2 1 444 446 449 AND
1 1 449 450 INV
2 1 944 3 447 XOR
2 1 447 450 448 XOR
2 1 447 449 629 XOR
2 1 2 249 630 XOR
2 1 31 847 627 XOR
2 1 30 31 628 XOR
2 1 627 630 633 XOR
2 1 628 630 634 XOR
2 1 448 633 631 AND
1 1 631 632 INV
2 1 629 634 621 AND
1 1 621 622 INV
2 1 622 145 619 AND
2 1 619 632 1257 AND
1 1 1257 620 INV
2 1 26 244 625 XOR
2 1 625 27 626 XOR
2 1 625 796 623 XOR
2 1 848 1 624 XOR
2 1 28 1 613 XOR
2 1 623 624 614 AND
1 1 614 611 INV
2 1 611 828 612 AND
1 1 612 617 INV
2 1 613 626 618 AND
1 1 618 615 INV
2 1 614 242 616 AND
1 1 616 605 INV
2 1 605 615 606 AND
2 1 24 243 603 XOR
2 1 603 802 604 XOR
2 1 604 606 609 XOR
2 1 609 617 610 AND
1 1 610 607 INV
2 1 241 240 608 XOR
2 1 22 23 661 XOR
2 1 608 661 662 XOR
2 1 20 842 659 XOR
2 1 659 662 660 XOR
2 1 607 660 665 XOR
1 1 665 1255 INV
2 1 620 665 666 AND
2 1 279 69 663 XOR
1 1 663 1292 INV
2 1 59 112 664 AND
2 1 664 102 653 AND
2 1 653 663 654 AND
2 1 654 921 651 XOR
2 1 654 275 652 XOR
2 1 651 37 657 AND
1 1 657 658 INV
2 1 91 79 655 AND
2 1 123 49 656 AND
2 1 655 656 645 AND
1 1 645 646 INV
2 1 646 10 643 AND
1 1 643 644 INV
2 1 644 658 1282 AND
2 1 666 798 649 XOR
2 1 649 1282 650 AND
2 1 460 650 647 AND
2 1 311 157 648 XOR
2 1 647 648 637 AND
1 1 637 1245 INV
2 1 1245 155 1246 XOR
2 1 29 190 638 XOR
2 1 368 638 635 AND
1 1 635 636 INV
2 1 1281 125 641 AND
2 1 635 641 642 AND
2 1 642 811 639 XOR
2 1 639 147 640 AND
2 1 181 795 565 AND
2 1 432 565 566 AND
1 1 566 563 INV
2 1 181 795 564 XOR
2 1 564 1267 569 AND
1 1 569 570 INV
2 1 432 795 567 AND
2 1 563 570 568 AND
1 1 568 557 INV
2 1 557 640 558 AND
1 1 558 555 INV
2 1 1281 834 556 XOR
2 1 1281 228 561 XOR
2 1 189 125 562 XOR
2 1 556 562 559 AND
2 1 559 635 560 AND
1 1 560 549 INV
2 1 549 800 550 AND
1 1 550 547 INV
2 1 180 635 548 XOR
2 1 548 641 553 AND
1 1 553 554 INV
2 1 553 797 551 AND
2 1 551 179 552 XOR
2 1 547 552 541 AND
1 1 541 542 INV
2 1 542 147 539 AND
2 1 147 1270 540 AND
2 1 540 178 545 XOR
2 1 539 545 546 AND
2 1 549 802 543 AND
1 1 543 544 INV
2 1 553 813 597 AND
1 1 597 598 INV
2 1 544 598 595 AND
1 1 595 596 INV
2 1 1269 170 601 AND
1 1 601 602 INV
2 1 1278 170 599 XOR
2 1 596 599 600 AND
1 1 600 589 INV
2 1 595 602 590 AND
1 1 590 587 INV
2 1 587 147 588 AND
2 1 588 589 593 AND
2 1 593 820 594 XOR
2 1 24 176 591 XOR
1 1 591 592 INV
2 1 175 1268 581 AND
1 1 581 582 INV
2 1 582 592 579 AND
1 1 579 580 INV
2 1 581 591 585 AND
1 1 585 586 INV
2 1 471 801 583 AND
1 1 583 584 INV
2 1 584 586 573 AND
2 1 573 580 574 AND
2 1 574 640 571 AND
1 1 571 572 INV
2 1 571 174 577 XOR
2 1 577 594 578 AND
2 1 546 578 575 AND
1 1 575 576 INV
2 1 147 1278 757 AND
2 1 577 757 758 AND
2 1 596 758 755 AND
1 1 755 756 INV
2 1 576 756 761 AND
1 1 761 762 INV
2 1 555 762 759 AND
1 1 759 760 INV
2 1 567 640 749 AND
1 1 749 750 INV
2 1 539 545 747 XOR
2 1 555 747 748 AND
2 1 560 819 753 AND
2 1 796 172 754 XOR
2 1 554 754 751 AND
1 1 751 752 INV
2 1 753 173 741 XOR
2 1 741 752 742 AND
1 1 742 739 INV
2 1 739 1276 740 AND
2 1 740 822 745 XOR
2 1 745 748 746 AND
2 1 572 746 743 AND
2 1 594 743 744 AND
1 1 744 733 INV
2 1 733 750 734 AND
2 1 734 760 731 AND
1 1 731 732 INV
2 1 732 162 737 AND
1 1 737 738 INV
2 1 731 821 735 AND
1 1 735 736 INV
2 1 554 847 789 AND
1 1 789 790 INV
2 1 560 850 787 AND
1 1 787 788 INV
2 1 788 790 793 AND
1 1 793 794 INV
2 1 296 258 791 XOR
2 1 791 794 792 XOR
2 1 20 185 781 XOR
2 1 560 781 782 AND
1 1 782 779 INV
2 1 31 165 780 XOR
2 1 639 780 785 AND
1 1 785 786 INV
2 1 779 786 783 AND
1 1 783 784 INV
2 1 320 784 773 AND
2 1 773 792 774 AND
1 1 774 771 INV
2 1 296 794 772 AND
2 1 772 168 777 XOR
2 1 771 777 778 AND
1 1 778 775 INV
2 1 554 848 776 AND
1 1 776 765 INV
2 1 560 849 766 AND
1 1 766 763 INV
2 1 763 765 764 AND
2 1 1272 764 769 XOR
2 1 769 775 770 AND
1 1 770 767 INV
2 1 167 764 768 XOR
2 1 339 768 693 AND
2 1 693 814 694 XOR
2 1 694 767 691 AND
2 1 691 164 692 XOR
2 1 748 799 697 XOR
2 1 742 1276 698 XOR
2 1 698 171 695 XOR
2 1 578 695 696 AND
2 1 696 697 685 AND
2 1 685 692 686 AND
1 1 686 683 INV
2 1 639 1268 684 AND
2 1 568 591 689 AND
2 1 640 689 690 AND
2 1 684 853 687 XOR
2 1 687 690 688 AND
1 1 688 677 INV
2 1 677 683 678 AND
2 1 678 736 675 AND
2 1 675 738 676 AND
2 1 559 636 681 AND
2 1 681 840 682 XOR
2 1 639 682 679 AND
2 1 371 781 680 AND
1 1 680 669 INV
2 1 372 781 670 XOR
2 1 670 679 667 AND
2 1 184 667 668 XOR
2 1 441 804 673 AND
2 1 22 441 674 XOR
2 1 674 679 671 AND
2 1 671 851 672 XOR
2 1 668 672 725 AND
2 1 842 954 726 AND
1 1 726 723 INV
2 1 21 954 724 XOR
2 1 679 724 729 AND
1 1 729 730 INV
2 1 850 863 727 AND
2 1 19 863 728 XOR
2 1 679 728 717 AND
2 1 717 841 718 XOR
2 1 718 730 715 AND
2 1 715 725 716 AND
2 1 158 716 721 XOR
2 1 676 160 722 XOR
2 1 721 722 719 AND
1 1 719 720 INV
2 1 679 727 709 AND
2 1 673 730 710 AND
1 1 710 707 INV
2 1 707 723 708 AND
1 1 708 713 INV
2 1 668 713 714 AND
1 1 714 711 INV
2 1 669 711 712 AND
1 1 712 701 INV
2 1 701 718 702 AND
2 1 679 702 699 AND
1 1 699 700 INV
2 1 709 839 705 XOR
2 1 700 705 706 AND
2 1 706 852 703 XOR
2 1 703 720 704 AND
1 1 704 1247 INV
2 1 829 256 1073 AND
1 1 1073 1074 INV
2 1 829 256 1071 XOR
2 1 256 33 1072 XOR
2 1 324 1071 1077 AND
1 1 1077 1078 INV
2 1 296 816 1075 AND
1 1 1075 1076 INV
2 1 529 198 1065 AND
1 1 1065 1066 INV
2 1 517 1075 1063 AND
2 1 1063 1066 1064 AND
1 1 1064 1069 INV
2 1 530 1075 1070 AND
1 1 1070 1067 INV
2 1 1067 198 1068 AND
1 1 1068 1057 INV
2 1 493 1076 1058 AND
1 1 1058 1055 INV
2 1 1055 1057 1056 AND
2 1 1056 1069 1061 AND
2 1 461 846 1062 XOR
2 1 1061 1062 1059 XOR
2 1 1059 1072 1060 AND
1 1 1060 1049 INV
2 1 1049 1078 1050 AND
1 1 1050 1249 INV
2 1 38 296 1047 AND
1 1 1047 1048 INV
2 1 205 319 1053 XOR
2 1 205 320 1054 XOR
2 1 1047 1053 1051 AND
1 1 1051 1052 INV
2 1 1048 1054 1105 AND
1 1 1105 1106 INV
2 1 810 1052 1103 AND
2 1 1103 1106 1104 AND
1 1 1104 1109 INV
2 1 206 1109 1110 AND
1 1 1110 1107 INV
2 1 324 1110 1108 AND
1 1 1108 1097 INV
2 1 810 815 1098 AND
1 1 1098 1095 INV
2 1 324 1095 1096 AND
1 1 1096 1101 INV
2 1 1101 1107 1102 AND
1 1 1102 1099 INV
2 1 1097 1099 1100 AND
1 1 1100 1252 INV
2 1 151 236 1089 XOR
2 1 806 1089 1090 AND
1 1 1090 1087 INV
2 1 143 296 1088 AND
1 1 1088 1093 INV
2 1 1087 1093 1094 AND
2 1 30 235 1091 XOR
2 1 1091 1094 1092 XOR
2 1 140 233 1081 XOR
2 1 806 1081 1082 AND
1 1 1082 1079 INV
2 1 143 1277 1080 AND
1 1 1080 1085 INV
2 1 1079 1085 1086 AND
2 1 232 800 1083 XOR
2 1 1083 1086 1084 XOR
2 1 806 150 1009 AND
1 1 1009 1010 INV
2 1 143 1271 1007 AND
1 1 1007 1008 INV
2 1 1008 1010 1013 AND
2 1 796 1013 1014 XOR
2 1 1272 143 1011 AND
1 1 1011 1012 INV
2 1 141 806 1001 AND
2 1 837 1001 1002 XOR
2 1 1002 1012 999 AND
2 1 848 999 1000 XOR
2 1 143 319 1005 AND
1 1 1005 1006 INV
2 1 142 806 1003 AND
2 1 832 1003 1004 XOR
2 1 1004 1006 993 AND
2 1 31 238 994 XOR
2 1 237 994 991 XOR
2 1 991 993 992 XOR
2 1 992 1000 997 AND
2 1 997 1014 998 AND
2 1 998 1092 995 AND
2 1 995 1084 996 AND
2 1 996 231 985 XOR
2 1 132 561 986 AND
1 1 986 983 INV
2 1 230 129 984 XOR
2 1 805 984 989 AND
2 1 831 989 990 XOR
2 1 983 990 987 AND
2 1 16 227 988 XOR
2 1 987 988 1041 XOR
2 1 132 367 1042 AND
1 1 1042 1039 INV
2 1 805 836 1040 AND
1 1 1040 1045 INV
2 1 1039 1045 1046 AND
1 1 1046 1043 INV
2 1 214 17 1044 XOR
1 1 1044 1033 INV
2 1 1033 1043 1034 AND
1 1 1034 1031 INV
2 1 143 432 1032 AND
1 1 1032 1037 INV
2 1 806 824 1038 AND
1 1 1038 1035 INV
2 1 1035 1037 1036 AND
1 1 1036 1025 INV
2 1 23 212 1026 XOR
1 1 1026 1023 INV
2 1 1023 1025 1024 AND
1 1 1024 1029 INV
2 1 1026 1036 1030 AND
1 1 1030 1027 INV
2 1 133 213 1028 XOR
2 1 805 1028 1017 AND
1 1 1017 1018 INV
2 1 1018 146 1015 AND
2 1 1015 1074 1016 AND
2 1 1016 1027 1021 AND
2 1 1021 1029 1022 AND
2 1 1022 1031 1019 AND
2 1 132 354 1020 AND
1 1 1020 1201 INV
2 1 1044 1046 1202 AND
1 1 1202 1199 INV
2 1 1199 1201 1200 AND
2 1 143 441 1205 AND
1 1 1205 1206 INV
2 1 806 809 1203 AND
1 1 1203 1204 INV
2 1 1204 1206 1193 AND
1 1 1193 1194 INV
2 1 22 1193 1191 AND
1 1 1191 1192 INV
2 1 830 138 1197 XOR
2 1 138 210 1198 XOR
2 1 806 1198 1195 AND
1 1 1195 1196 INV
2 1 143 471 1185 AND
1 1 1185 1186 INV
2 1 806 1197 1183 AND
1 1 1183 1184 INV
2 1 143 1268 1189 AND
1 1 1189 1190 INV
2 1 1186 1196 1187 AND
2 1 1184 1190 1188 AND
2 1 854 1188 1177 AND
1 1 1177 1178 INV
2 1 1178 1192 1175 AND
2 1 1175 1200 1176 AND
2 1 1019 1176 1181 AND
2 1 132 864 1182 AND
1 1 1182 1179 INV
2 1 805 135 1180 AND
2 1 803 1180 1233 XOR
2 1 1179 1233 1234 AND
1 1 1234 1231 INV
2 1 217 850 1232 XOR
2 1 19 217 1237 XOR
2 1 1232 1234 1238 AND
1 1 1238 1235 INV
2 1 849 225 1236 XOR
2 1 132 859 1225 AND
1 1 1225 1226 INV
2 1 805 827 1223 AND
1 1 1223 1224 INV
2 1 1224 1226 1229 AND
2 1 1229 1236 1230 XOR
2 1 24 1187 1227 AND
1 1 1227 1228 INV
2 1 804 1194 1217 AND
1 1 1217 1218 INV
2 1 1218 1228 1215 AND
2 1 1215 1230 1216 AND
2 1 1216 1235 1221 AND
2 1 1181 1221 1222 AND
2 1 1041 1222 1219 AND
2 1 215 216 1220 XOR
2 1 813 1220 1209 XOR
2 1 805 128 1210 AND
1 1 1210 1207 INV
2 1 132 974 1208 AND
1 1 1208 1213 INV
2 1 1207 1213 1214 AND
2 1 1209 1214 1211 XOR
2 1 132 954 1212 AND
1 1 1212 1137 INV
2 1 805 826 1138 AND
1 1 1138 1135 INV
2 1 136 805 1136 AND
1 1 1136 1141 INV
2 1 132 951 1142 AND
1 1 1142 1139 INV
2 1 1135 1137 1140 AND
2 1 1139 1141 1129 AND
2 1 842 1129 1130 AND
1 1 1130 1127 INV
2 1 1127 1211 1128 AND
2 1 21 1140 1133 AND
1 1 1133 1134 INV
2 1 132 372 1131 AND
1 1 1131 1132 INV
2 1 131 835 1121 XOR
2 1 805 1121 1122 AND
2 1 838 1122 1119 XOR
2 1 1119 1132 1120 AND
2 1 20 221 1125 XOR
2 1 1120 1125 1126 XOR
2 1 1126 1134 1123 AND
2 1 143 1269 1124 AND
1 1 1124 1113 INV
2 1 139 806 1114 AND
1 1 1114 1111 INV
2 1 1111 1113 1112 AND
2 1 211 802 1117 XOR
2 1 1112 1117 1118 XOR
2 1 1231 1237 1115 AND
1 1 1115 1116 INV
2 1 1116 1118 1169 AND
2 1 1123 1169 1170 AND
2 1 1128 1170 1167 AND
2 1 1167 1219 1168 AND
2 1 985 1168 1173 AND
1 1 1173 1253 INV
2 1 1173 208 1254 XOR
2 1 353 14 1174 XOR
2 1 899 945 1171 XOR
2 1 1171 1174 1172 AND
1 1 1172 1258 INV
2 1 1072 1075 1161 AND
1 1 1161 1162 INV
2 1 320 1071 1159 AND
1 1 1159 1160 INV
2 1 1160 1162 1259 AND
2 1 816 255 1165 XOR
2 1 810 1165 1166 AND
1 1 1166 1163 INV
2 1 791 1163 1164 AND
1 1 1164 1261 INV
2 1 1072 1277 1153 AND
1 1 1153 1154 INV
2 1 339 1071 1151 AND
1 1 1151 1152 INV
2 1 1152 1154 1262 AND
2 1 791 829 1157 AND
1 1 1157 1158 INV
2 1 1276 33 1155 AND
1 1 1155 1156 INV
2 1 1156 1158 1265 AND
2 1 937 1265 1264 XOR
2 1 35 40 1145 AND
2 1 1145 1282 1146 AND
2 1 1146 127 1143 AND
1 1 1143 1274 INV
2 1 320 34 1144 AND
1 1 1144 1275 INV
2 1 368 269 1279 XOR
2 1 932 974 1280 XOR
2 1 645 652 1284 AND
1 1 1284 1283 INV
2 1 148 35 1149 AND
2 1 1149 10 1150 AND
1 1 1150 1285 INV
2 1 1149 37 1147 AND
1 1 1147 1286 INV
2 1 1149 276 1287 XOR
2 1 919 278 1289 XOR
2 1 153 35 1148 AND
2 1 1148 144 1241 AND
1 1 1241 1290 INV
2 1 391 397 1242 AND
1 1 1242 1291 INV
2 1 191 460 1248 XOR
2 1 152 154 1239 AND
1 1 1239 1240 INV
2 1 1146 1240 1243 AND
2 1 940 1243 1273 XOR
2 1 81 41 1244 AND
2 1 922 1244 1288 XOR
2 1 920 32 1300 XOR
2 1 919 281 1301 XOR
2 1 41 282 1302 XOR
1 1 1050 1250 INV
2 1 1160 1162 1260 AND
2 1 1152 1154 1263 AND