3722 3900
3 64 64 50
1 22

1 1 51 3432 INV
1 1 60 3189 INV
1 1 52 3283 INV
1 1 2 3301 INV
1 1 41 3351 INV
1 1 103 3753 INV
1 1 45 3537 INV
1 1 46 3230 INV
1 1 45 3572 INV
1 1 46 3575 INV
1 1 71 820 INV
1 1 42 852 INV
1 1 46 846 INV
1 1 82 744 INV
1 1 78 1040 INV
1 1 80 1047 INV
1 1 80 3209 INV
1 1 83 2995 INV
1 1 85 3024 INV
1 1 46 366 INV
2 1 41 40 389 AND
1 1 44 387 INV
1 1 46 2978 INV
1 1 97 583 INV
1 1 100 617 INV
1 1 43 484 INV
1 1 158 3048 INV
1 1 104 1700 INV
1 1 111 1718 INV
1 1 40 1604 INV
1 1 114 1869 INV
1 1 151 3086 INV
1 1 36 1924 INV
1 1 44 1751 INV
1 1 47 1738 INV
1 1 46 3100 INV
1 1 48 1741 INV
1 1 119 1806 INV
1 1 24 1834 INV
1 1 26 3091 INV
1 1 46 1828 INV
1 1 26 1817 INV
1 1 25 1219 INV
1 1 121 1238 INV
1 1 117 3067 INV
1 1 47 1254 INV
1 1 49 1259 INV
1 1 36 3074 INV
1 1 128 1174 INV
1 1 45 1178 INV
1 1 130 1193 INV
1 1 49 1402 INV
1 1 47 1405 INV
1 1 135 3136 INV
1 1 140 1315 INV
2 1 11 46 1330 AND
2 1 47 36 3111 AND
1 1 47 2458 INV
1 1 168 2456 INV
1 1 47 2443 INV
2 1 46 10 2530 AND
1 1 144 2351 INV
1 1 145 2415 INV
2 1 36 46 2426 AND
1 1 49 2427 INV
1 1 46 2773 INV
2 1 38 46 2630 AND
1 1 47 2628 INV
1 1 164 2660 INV
1 1 171 2715 INV
1 1 169 2750 INV
2 1 11 46 2571 AND
1 1 49 2565 INV
1 1 45 2563 INV
1 1 49 2621 INV
2 1 26 152 2080 AND
2 1 166 37 2804 AND
1 1 37 2803 INV
1 1 166 2096 INV
1 1 37 2137 INV
1 1 166 2800 INV
1 1 155 2117 INV
2 1 47 40 1959 AND
1 1 157 1948 INV
2 1 47 41 2035 AND
2 1 40 46 2019 AND
1 1 47 2020 INV
1 1 26 2278 INV
1 1 47 2325 INV
1 1 146 2159 INV
1 1 42 2148 INV
1 1 148 2156 INV
1 1 147 2151 INV
2 1 39 46 2210 AND
1 1 1 2208 INV
1 1 46 2830 INV
2 1 45 46 2200 AND
1 1 44 2828 INV
1 1 45 2228 INV
1 1 46 2905 INV
1 1 47 2826 INV
1 1 42 2825 INV
1 1 49 2939 INV
2 1 49 46 2840 AND
2 1 49 48 2842 AND
2 1 47 48 2945 AND
1 1 43 2836 INV
1 1 41 2837 INV
1 1 37 2832 INV
1 1 20 2835 INV
1 1 14 2817 INV
1 1 173 2816 INV
2 1 17 40 2861 AND
2 1 42 19 2860 AND
1 1 15 2852 INV
1 1 175 2847 INV
1 1 176 2873 INV
2 1 13 36 2869 AND
1 1 14 2888 INV
1 1 15 2887 INV
1 1 48 2891 INV
2 1 47 49 2883 AND
1 1 41 2899 INV
1 1 42 2820 INV
1 1 37 2900 INV
1 1 38 2901 INV
1 1 42 2895 INV
1 1 43 3150 INV
1 1 41 2965 INV
1 1 57 3836 INV
1 1 53 3819 INV
1 1 59 3359 INV
1 1 60 3391 INV
1 1 58 3473 INV
1 1 61 3254 INV
1 1 67 3747 INV
1 1 64 3519 INV
1 1 33 3330 INV
1 1 69 3613 INV
1 1 70 782 INV
1 1 71 825 INV
1 1 72 806 INV
1 1 82 734 INV
1 1 79 1069 INV
1 1 78 3594 INV
1 1 31 3655 INV
1 1 30 3647 INV
1 1 7 950 INV
1 1 8 915 INV
1 1 90 180 INV
1 1 94 553 INV
1 1 95 554 INV
1 1 93 527 INV
1 1 98 608 INV
1 1 97 635 INV
1 1 103 3731 INV
1 1 104 1710 INV
1 1 105 1683 INV
1 1 106 1737 INV
1 1 111 1519 INV
1 1 32 3540 INV
1 1 110 1547 INV
1 1 109 1565 INV
1 1 28 3534 INV
1 1 29 3501 INV
1 1 112 1854 INV
1 1 113 1845 INV
1 1 114 1862 INV
2 1 1741 3100 3341 AND
1 1 11 3686 INV
1 1 6 360 INV
1 1 10 1601 INV
2 1 8 1806 358 XOR
1 1 122 1825 INV
1 1 127 1291 INV
1 1 126 1115 INV
1 1 129 1180 INV
2 1 3 1193 793 XOR
2 1 131 132 1189 XOR
1 1 2 3407 INV
1 1 23 1417 INV
1 1 48 452 INV
1 1 139 1480 INV
1 1 140 1485 INV
1 1 36 3688 INV
1 1 3111 1351 INV
1 1 141 1327 INV
1 1 176 1377 INV
1 1 9 3687 INV
1 1 135 1385 INV
1 1 136 2477 INV
1 1 137 2466 INV
1 1 2530 2497 INV
1 1 143 2332 INV
1 1 144 2347 INV
1 1 145 2370 INV
1 1 2426 2446 INV
1 1 142 2422 INV
1 1 164 2661 INV
1 1 24 1211 INV
1 1 171 2537 INV
1 1 2571 2548 INV
1 1 44 386 INV
1 1 170 2562 INV
1 1 45 3566 INV
1 1 165 2693 INV
1 1 151 2043 INV
1 1 152 2078 INV
1 1 153 2060 INV
1 1 154 2109 INV
1 1 2804 2113 INV
1 1 1 2529 INV
2 1 2137 2800 2455 AND
2 1 166 37 2454 AND
1 1 156 1964 INV
2 1 39 1948 340 XOR
1 1 159 1982 INV
1 1 162 2030 INV
1 1 161 2021 INV
1 1 19 2240 INV
1 1 160 2231 INV
1 1 38 1375 INV
1 1 158 1651 INV
1 1 27 1242 INV
1 1 21 2306 INV
1 1 43 3332 INV
1 1 150 2623 INV
1 1 26 1209 INV
1 1 25 1813 INV
1 1 12 2728 INV
1 1 46 3646 INV
2 1 2208 2830 2252 AND
1 1 2200 2554 INV
2 1 45 46 2543 AND
1 1 169 2542 INV
1 1 148 2141 INV
2 1 2826 2905 1335 AND
2 1 2825 41 2911 XOR
1 1 149 2913 INV
1 1 47 1819 INV
1 1 42 3644 INV
1 1 167 2929 INV
1 1 2842 1245 INV
1 1 168 2952 INV
1 1 49 497 INV
2 1 42 2836 2941 XOR
2 1 2837 40 2942 XOR
2 1 2832 36 2943 XOR
2 1 39 38 2944 XOR
2 1 19 2835 2967 XOR
2 1 18 17 2968 XOR
2 1 13 2817 2972 XOR
2 1 2816 172 2969 XOR
2 1 16 15 2970 XOR
1 1 177 2856 INV
1 1 20 2853 INV
2 1 15 175 1363 AND
2 1 2847 2852 1362 AND
2 1 2873 38 442 XOR
1 1 16 2431 INV
1 1 39 986 INV
1 1 18 2403 INV
1 1 41 636 INV
1 1 14 1353 INV
1 1 37 198 INV
1 1 2883 2955 INV
2 1 49 48 449 AND
1 1 40 3667 INV
1 1 3819 3186 INV
2 1 23 3407 3420 AND
1 1 3254 3164 INV
2 1 23 3407 3165 AND
2 1 0 3407 3281 AND
1 1 3332 3327 INV
1 1 3330 3155 INV
1 1 3644 3634 INV
1 1 3647 3637 INV
1 1 3655 3623 INV
1 1 3687 3682 INV
1 1 3686 3676 INV
1 1 3667 3657 INV
1 1 3688 3658 INV
1 1 3731 3726 INV
1 1 3519 3518 INV
1 1 3501 3499 INV
1 1 3540 3553 INV
1 1 3330 3551 INV
1 1 3534 3530 INV
1 1 3647 3524 INV
2 1 3230 3537 3538 AND
2 1 3572 3575 3571 AND
1 1 3644 3225 INV
2 1 3566 46 3226 AND
1 1 782 773 INV
1 1 825 823 INV
1 1 3332 833 INV
1 1 3501 836 INV
1 1 3534 666 INV
1 1 3647 664 INV
1 1 636 646 INV
1 1 3688 692 INV
1 1 3686 669 INV
1 1 734 3196 INV
1 1 3594 1024 INV
1 1 3646 3002 INV
1 1 3687 954 INV
1 1 915 952 INV
1 1 950 949 INV
1 1 3332 946 INV
1 1 3644 944 INV
1 1 3534 2998 INV
1 1 986 991 INV
1 1 3501 994 INV
1 1 3332 329 INV
1 1 3667 332 INV
1 1 3646 355 INV
1 1 3687 362 INV
1 1 360 398 INV
1 1 950 394 INV
1 1 389 388 INV
1 1 386 197 INV
1 1 180 2986 INV
1 1 3667 204 INV
1 1 3644 202 INV
1 1 3655 251 INV
1 1 3647 260 INV
1 1 3501 256 INV
1 1 3534 237 INV
1 1 636 244 INV
1 1 3688 239 INV
1 1 3646 279 INV
1 1 950 288 INV
1 1 198 283 INV
1 1 915 277 INV
1 1 3687 275 INV
2 1 449 36 443 AND
1 1 198 456 INV
1 1 442 3043 INV
1 1 636 481 INV
1 1 636 3037 INV
1 1 3644 491 INV
1 1 497 471 INV
1 1 1651 1650 INV
1 1 1710 1706 INV
1 1 1519 1517 INV
1 1 3540 1552 INV
1 1 636 1550 INV
1 1 3644 1561 INV
1 1 1565 1555 INV
1 1 3332 1545 INV
1 1 3534 1590 INV
1 1 3501 1589 INV
1 1 3686 1613 INV
1 1 3687 1594 INV
1 1 1601 1592 INV
1 1 3341 1602 INV
1 1 1862 1870 INV
1 1 3646 1754 INV
1 1 3341 3097 INV
1 1 3687 1784 INV
1 1 3686 1782 INV
1 1 3646 1761 INV
1 1 360 1803 INV
1 1 1601 1801 INV
2 1 1834 3091 1833 AND
1 1 198 3094 INV
1 1 986 3093 INV
1 1 1819 3070 INV
1 1 3667 1228 INV
1 1 636 1232 INV
1 1 1209 1210 INV
1 1 1819 1218 INV
1 1 1209 1250 INV
1 1 1819 1247 INV
1 1 1813 1248 INV
2 1 1211 121 3066 AND
1 1 1211 1236 INV
2 1 47 1242 1240 AND
1 1 1245 1241 INV
1 1 497 1269 INV
1 1 452 3064 INV
1 1 1115 1103 INV
1 1 497 1127 INV
1 1 497 1172 INV
1 1 3407 1419 INV
2 1 1402 1405 1403 AND
1 1 1417 1404 INV
1 1 452 1401 INV
1 1 1485 1482 INV
1 1 1813 3114 INV
2 1 141 1819 1329 AND
2 1 1819 11 3106 AND
2 1 1377 38 1376 AND
2 1 1375 176 3108 AND
1 1 1353 1370 INV
1 1 3687 1368 INV
1 1 3646 1369 INV
1 1 1363 1393 INV
1 1 1362 3102 INV
1 1 1813 3123 INV
2 1 2456 2458 2457 AND
1 1 2455 3119 INV
1 1 2454 2433 INV
2 1 39 3646 2480 AND
1 1 1209 2485 INV
1 1 2466 3116 INV
2 1 1 3646 2769 AND
2 1 16 3646 2771 AND
1 1 2347 2360 INV
1 1 1242 2382 INV
1 1 2370 2413 INV
1 1 2403 2401 INV
2 1 2529 3646 2782 AND
2 1 1 3646 2430 AND
1 1 2431 2428 INV
1 1 386 2777 INV
1 1 2422 2420 INV
1 1 1819 2641 INV
2 1 198 986 2774 AND
1 1 636 2652 INV
1 1 2630 2629 INV
1 1 2661 2656 INV
1 1 442 2705 INV
1 1 1211 2694 INV
1 1 2728 2743 INV
1 1 1813 2727 INV
2 1 449 2554 2553 AND
1 1 2542 2541 INV
1 1 2543 2538 INV
1 1 1245 2539 INV
2 1 1 3646 2746 AND
2 1 17 3646 2576 AND
1 1 386 2566 INV
2 1 44 497 2569 AND
2 1 1335 40 2597 AND
1 1 442 2593 INV
1 1 198 2594 INV
1 1 2455 2758 INV
1 1 2454 2582 INV
1 1 1375 2580 INV
1 1 3646 2620 INV
1 1 1813 2610 INV
1 1 2060 2056 INV
1 1 1242 2806 INV
2 1 2096 2803 2097 AND
2 1 1 3646 2799 AND
2 1 19 3646 2098 AND
1 1 2455 2128 INV
1 1 2454 2129 INV
1 1 3646 2127 INV
1 1 1959 1961 INV
2 1 42 1335 1962 AND
1 1 1982 2810 INV
1 1 2035 2034 INV
2 1 43 3646 2023 AND
1 1 2019 2024 INV
1 1 2240 2235 INV
2 1 2231 38 2243 AND
1 1 1375 2273 INV
1 1 3646 2274 INV
1 1 2306 2289 INV
1 1 3667 2286 INV
1 1 3646 2287 INV
2 1 2252 22 2795 AND
1 1 1819 2329 INV
2 1 1335 29 2327 AND
1 1 3646 2309 INV
1 1 1209 2168 INV
1 1 2141 2790 INV
1 1 1813 2183 INV
1 1 2728 2172 INV
1 1 1245 2829 INV
1 1 2543 2180 INV
2 1 1 3646 2174 AND
1 1 2210 2206 INV
2 1 2252 21 2209 AND
2 1 449 2554 2195 AND
1 1 1245 2202 INV
1 1 2543 2199 INV
2 1 2228 2828 2223 AND
2 1 1335 28 2907 AND
2 1 47 2911 2906 AND
2 1 1819 41 2843 AND
1 1 3644 2935 INV
1 1 1819 2940 INV
2 1 47 2840 2930 AND
2 1 48 2929 2933 AND
2 1 1245 167 2841 AND
2 1 497 168 2947 AND
2 1 47 497 2951 AND
1 1 2942 2838 INV
1 1 2944 2831 INV
1 1 2968 2834 INV
1 1 2970 2818 INV
2 1 20 2856 2855 AND
2 1 2853 177 2854 AND
1 1 2861 2862 INV
1 1 2860 2859 INV
1 1 1362 2844 INV
1 1 1363 2848 INV
1 1 2869 2872 INV
1 1 2403 2879 INV
1 1 636 2880 INV
1 1 2431 2874 INV
1 1 986 2876 INV
1 1 1353 2863 INV
1 1 198 2864 INV
2 1 2887 2888 2886 AND
1 1 2955 2821 INV
2 1 2820 2899 2898 AND
2 1 2900 2901 2904 AND
2 1 2965 3150 2894 AND
1 1 3165 3809 INV
1 1 3226 3555 INV
2 1 387 388 377 AND
2 1 115 3097 1603 XOR
2 1 1817 3070 1816 AND
2 1 1218 1219 1796 AND
1 1 3066 1251 INV
2 1 1254 3064 496 AND
1 1 1189 1187 INV
1 1 1376 1336 INV
1 1 3108 1334 INV
2 1 2433 3119 3691 AND
1 1 2480 2444 INV
1 1 2782 1361 INV
2 1 2427 2777 2387 AND
1 1 340 3607 INV
2 1 2628 2629 2653 AND
2 1 2620 2621 2640 AND
1 1 2097 2102 INV
1 1 2023 2039 INV
2 1 2020 2024 2040 AND
1 1 2795 2305 INV
2 1 2309 2325 2587 AND
2 1 2180 2829 1359 AND
1 1 2174 1354 INV
2 1 2939 2940 2220 AND
1 1 2930 2922 INV
1 1 2841 2921 INV
2 1 2838 2941 1758 XOR
2 1 2831 2943 967 XOR
2 1 2834 2967 385 XOR
2 1 2818 2969 2971 XOR
1 1 2855 2253 INV
1 1 2854 2250 INV
2 1 2859 2862 2962 AND
1 1 442 3563 INV
2 1 2863 2864 2851 AND
2 1 2821 2891 979 AND
2 1 2894 2895 2320 AND
1 1 3420 3419 INV
2 1 3281 23 3280 AND
1 1 3571 3574 INV
1 1 3555 3227 INV
1 1 3607 3602 INV
1 1 3563 3601 INV
1 1 3563 667 INV
1 1 967 978 INV
1 1 979 973 INV
1 1 3563 974 INV
2 1 377 42 3010 AND
1 1 385 3012 INV
1 1 3607 535 INV
1 1 979 536 INV
2 1 456 3043 455 AND
2 1 481 484 485 AND
2 1 491 3037 498 AND
1 1 496 470 INV
1 1 979 1930 INV
2 1 979 3646 1923 AND
2 1 44 1758 1755 AND
1 1 3563 1798 INV
1 1 1796 1824 INV
1 1 1833 1832 INV
2 1 1247 1248 1249 AND
2 1 1236 1238 1237 AND
1 1 1240 1239 INV
2 1 44 496 1268 AND
2 1 979 3566 3128 AND
1 1 1187 3126 INV
2 1 1401 1404 1406 AND
2 1 1329 1330 1331 AND
2 1 3106 46 1337 AND
2 1 1334 1335 1333 AND
2 1 1368 1369 1367 AND
1 1 1354 1371 INV
1 1 1361 1394 INV
1 1 2457 2461 INV
2 1 2444 2446 2442 AND
2 1 15 2769 2528 AND
2 1 2529 2771 2527 AND
2 1 2387 12 2395 AND
1 1 1361 2402 INV
2 1 17 2430 2429 AND
1 1 2387 2776 INV
2 1 1375 2774 2654 AND
2 1 2652 2773 2650 AND
1 1 2553 2552 INV
2 1 2538 2539 2540 AND
2 1 16 2746 2572 AND
2 1 2529 2576 2747 AND
2 1 2563 2566 2567 AND
2 1 2569 3566 2568 AND
1 1 2597 2596 INV
2 1 2587 37 2761 AND
2 1 2593 2594 2590 AND
2 1 2582 2758 2578 AND
1 1 2640 2757 INV
2 1 2102 2113 2111 AND
2 1 18 2799 2101 AND
2 1 2098 2529 2099 AND
2 1 2127 2129 2126 AND
1 1 1962 1960 INV
2 1 340 2587 1958 AND
2 1 340 2587 2813 AND
2 1 2039 2040 2037 AND
2 1 2250 2252 2238 AND
1 1 1354 2237 INV
2 1 2243 46 2242 AND
2 1 2273 2274 2271 AND
2 1 2286 2287 2300 AND
1 1 1354 2288 INV
1 1 2320 2796 INV
1 1 2327 2330 INV
2 1 42 2587 2326 AND
1 1 1354 2176 INV
2 1 2250 2253 2205 AND
1 1 2209 2211 INV
2 1 2195 169 2194 AND
2 1 2199 2202 2201 AND
1 1 2223 2222 INV
2 1 2921 2922 2919 AND
1 1 2907 2910 INV
1 1 2906 2908 INV
2 1 2843 46 2938 AND
1 1 2220 2934 INV
2 1 2921 2922 2839 AND
2 1 49 2933 2932 AND
2 1 2945 2947 2946 AND
2 1 48 2951 2950 AND
1 1 2971 2833 INV
2 1 43 2250 2858 AND
1 1 3563 2845 INV
1 1 2851 2815 INV
2 1 2874 2876 2877 AND
2 1 2879 2880 2882 AND
1 1 2886 2892 INV
1 1 2898 2896 INV
1 1 2904 2902 INV
1 1 3280 3422 INV
2 1 3227 65 3535 XOR
2 1 197 3012 412 AND
1 1 1923 413 INV
1 1 1603 3733 INV
1 1 1796 1791 INV
2 1 1249 1250 1213 AND
1 1 1237 1252 INV
2 1 1239 1241 1233 AND
2 1 1403 1406 1731 AND
1 1 1331 1349 INV
1 1 1337 1328 INV
1 1 3691 700 INV
1 1 2528 2498 INV
1 1 2527 2499 INV
1 1 2429 2404 INV
2 1 2428 2776 2366 AND
1 1 2654 1133 INV
1 1 2640 1343 INV
2 1 2552 2750 2378 AND
2 1 2540 2541 2379 AND
1 1 2572 2549 INV
1 1 2747 2547 INV
2 1 2565 2567 2732 AND
1 1 2568 1392 INV
2 1 2580 2757 2706 AND
1 1 2101 2106 INV
1 1 2099 2107 INV
2 1 2126 2128 2095 AND
2 1 1960 1961 2123 AND
1 1 2813 1957 INV
2 1 2238 2253 2258 AND
1 1 2242 2241 INV
1 1 2205 2181 INV
2 1 2206 2211 2182 AND
1 1 2194 2733 INV
1 1 2220 1951 INV
2 1 2908 2910 2915 AND
1 1 2938 2914 INV
1 1 2932 2920 INV
1 1 2946 2027 INV
1 1 2950 2948 INV
2 1 967 1758 3895 XOR
2 1 2833 2972 533 XOR
1 1 979 199 INV
2 1 2320 3667 3899 AND
1 1 3422 3162 INV
1 1 3733 3514 INV
2 1 3332 3535 3573 AND
1 1 3535 3558 INV
1 1 700 693 INV
2 1 973 974 976 AND
1 1 412 408 INV
1 1 413 405 INV
2 1 3010 3332 390 AND
2 1 198 199 195 AND
2 1 535 536 538 AND
1 1 455 454 INV
1 1 485 488 INV
1 1 498 500 INV
2 1 470 471 473 AND
2 1 1924 1930 1931 AND
1 1 413 1932 INV
1 1 1755 1757 INV
1 1 199 3083 INV
1 1 3733 1739 INV
1 1 1791 1799 INV
2 1 47 1832 1831 AND
1 1 1791 1208 INV
2 1 1211 1213 1212 AND
2 1 1251 1252 3065 AND
2 1 117 1233 3069 AND
1 1 1233 1243 INV
1 1 1268 1270 INV
1 1 1133 1170 INV
2 1 129 3128 1167 AND
1 1 199 1179 INV
2 1 1343 36 1342 AND
2 1 1349 1351 3110 AND
2 1 1327 1328 1326 AND
2 1 1333 1336 1332 AND
1 1 1367 1366 INV
2 1 1370 1371 1365 AND
2 1 1394 3102 1395 AND
2 1 700 2461 2460 AND
2 1 1343 37 3121 AND
1 1 2442 2441 INV
2 1 2497 2499 2496 AND
1 1 2378 2377 INV
1 1 2379 2375 INV
1 1 2378 2396 INV
1 1 2379 2780 INV
2 1 2404 2446 2400 AND
2 1 2401 2402 2398 AND
1 1 1133 2644 INV
1 1 2650 2649 INV
1 1 2732 2751 INV
2 1 1392 15 2559 AND
1 1 2378 2557 INV
1 1 2379 2555 INV
2 1 2547 2548 2546 AND
2 1 170 2732 2564 AND
2 1 1392 2562 2570 AND
1 1 2761 2595 INV
1 1 2590 2589 INV
1 1 2578 2577 INV
2 1 2106 2107 2105 AND
2 1 2111 46 2112 AND
1 1 2095 2091 INV
2 1 2106 2107 2100 AND
2 1 1958 156 1956 AND
2 1 1957 1964 1965 AND
1 1 2037 2036 INV
1 1 2258 2251 INV
2 1 2235 2237 2236 AND
1 1 2271 2270 INV
2 1 2288 2289 2302 AND
1 1 2300 2299 INV
2 1 2329 2796 2318 AND
1 1 2326 2328 INV
1 1 2181 2179 INV
1 1 2201 2204 INV
2 1 497 2222 2221 AND
2 1 2919 2920 2918 AND
1 1 2914 2912 INV
2 1 2948 2952 2953 AND
2 1 2253 2858 2857 AND
2 1 2845 2848 2846 AND
1 1 2877 2875 INV
1 1 2882 2881 INV
1 1 199 2822 INV
2 1 16 2892 2893 AND
2 1 43 2896 2897 AND
2 1 39 2902 2903 AND
1 1 3422 3870 INV
1 1 390 382 INV
1 1 195 417 INV
2 1 107 1731 789 XOR
2 1 1754 3083 384 AND
2 1 1738 1739 1941 AND
1 1 1831 1826 INV
2 1 1208 1210 1225 AND
1 1 1212 3654 INV
1 1 3065 1226 INV
1 1 3069 1234 INV
2 1 1269 1270 323 AND
2 1 1170 3074 416 AND
1 1 1167 1169 INV
1 1 1731 1420 INV
1 1 1326 1352 INV
1 1 1332 1350 INV
2 1 1393 1395 1358 AND
1 1 2460 2449 INV
1 1 3121 2440 INV
2 1 2441 2443 2447 AND
1 1 2706 2699 INV
1 1 2564 2742 INV
1 1 2570 2741 INV
2 1 2595 2596 2678 AND
1 1 2112 2110 INV
1 1 2100 2094 INV
1 1 1956 2124 INV
1 1 1965 2122 INV
2 1 2034 2036 2003 AND
2 1 2328 2330 2321 AND
1 1 2221 2246 INV
1 1 2918 1338 INV
2 1 2912 2913 2916 XOR
2 1 2839 2920 1344 AND
1 1 2953 2026 INV
2 1 385 533 3896 XOR
1 1 2857 2964 INV
1 1 2893 2865 INV
1 1 2897 489 INV
1 1 2903 3898 INV
1 1 3870 3480 INV
1 1 3654 3153 INV
1 1 3654 3675 INV
1 1 3654 3545 INV
2 1 3573 3574 3576 AND
1 1 3654 3202 INV
1 1 3654 955 INV
1 1 3654 941 INV
1 1 976 975 INV
1 1 323 318 INV
1 1 3654 3019 INV
1 1 3654 392 INV
1 1 416 406 INV
1 1 382 381 INV
1 1 3654 254 INV
1 1 3654 276 INV
1 1 538 537 INV
1 1 489 483 INV
2 1 500 40 499 AND
1 1 473 472 INV
1 1 789 508 INV
1 1 3654 1593 INV
1 1 1931 1926 INV
1 1 1941 3098 INV
1 1 3654 1802 INV
1 1 1826 1823 INV
2 1 1225 1226 3071 AND
2 1 1243 3067 1244 AND
1 1 323 1267 INV
2 1 1178 1179 1176 AND
1 1 1420 1418 INV
2 1 1350 1352 1346 AND
1 1 1358 1372 INV
1 1 1365 1364 INV
1 1 2449 3120 INV
1 1 2440 2435 INV
2 1 1338 2447 2445 AND
2 1 2496 2498 2495 AND
2 1 2375 2377 2376 AND
2 1 2396 2780 2393 AND
1 1 2398 2397 INV
2 1 2641 2644 2643 AND
2 1 2649 2653 2651 AND
1 1 1344 2659 INV
1 1 2699 2710 INV
2 1 2555 2557 2556 AND
2 1 2546 2549 2545 AND
2 1 2741 2742 2573 AND
1 1 1344 2586 INV
2 1 2577 38 2579 AND
2 1 2109 2110 2104 AND
1 1 2094 2093 INV
2 1 2122 2123 1963 AND
2 1 2003 162 2033 AND
2 1 1338 2003 2038 AND
2 1 2026 2027 2025 AND
1 1 2236 2233 INV
2 1 160 2270 2272 AND
1 1 2302 2301 INV
1 1 2318 2317 INV
1 1 2246 2173 INV
2 1 2176 2179 2175 AND
2 1 2204 2542 2203 AND
2 1 2026 2027 2217 AND
1 1 1338 2219 INV
2 1 2915 2916 2928 AND
2 1 2915 2916 2824 AND
1 1 1344 2909 INV
2 1 2026 2027 2949 AND
2 1 2962 2964 2958 AND
2 1 2844 2846 2849 AND
2 1 2875 2881 2878 AND
1 1 2865 2889 INV
1 1 3576 3489 INV
2 1 941 2998 957 AND
2 1 384 533 270 AND
1 1 499 450 INV
1 1 789 1689 INV
1 1 1941 867 INV
1 1 3898 1917 INV
1 1 384 963 INV
2 1 1823 1825 1792 XOR
1 1 3071 3609 INV
1 1 3654 3618 INV
1 1 1226 1814 INV
1 1 1244 1235 INV
2 1 1267 123 3710 XOR
1 1 416 383 INV
2 1 1418 1419 562 AND
1 1 2445 2439 INV
1 1 2495 2467 INV
1 1 2651 2648 INV
2 1 2741 2742 2695 AND
1 1 2545 2738 INV
1 1 2579 444 INV
1 1 2038 2029 INV
1 1 2272 2239 INV
2 1 2172 2173 2077 AND
1 1 2203 2731 INV
1 1 2246 2207 INV
2 1 2026 2027 1306 AND
1 1 2928 2218 INV
1 1 2949 1345 INV
1 1 2849 2961 INV
1 1 2878 2850 INV
2 1 489 174 1746 XOR
2 1 3153 3623 3651 AND
2 1 3675 3676 3684 AND
1 1 3710 3723 INV
2 1 3545 3551 3546 AND
1 1 3609 3598 INV
2 1 37 3618 3615 AND
1 1 3710 3237 INV
2 1 3618 32 848 AND
1 1 3609 663 INV
2 1 692 3202 699 AND
1 1 3609 668 INV
1 1 867 882 INV
2 1 952 955 911 AND
1 1 957 3000 INV
1 1 3609 947 INV
1 1 963 2994 INV
1 1 867 297 INV
2 1 329 3019 330 AND
1 1 3609 3017 INV
2 1 392 394 399 AND
2 1 405 406 402 AND
1 1 383 3009 INV
1 1 867 221 INV
2 1 254 256 261 AND
2 1 275 276 274 AND
1 1 270 2973 INV
1 1 562 557 INV
1 1 562 605 INV
2 1 444 454 453 AND
1 1 450 480 INV
1 1 562 3062 INV
1 1 562 1645 INV
1 1 1689 1735 INV
1 1 3710 1527 INV
1 1 3609 1585 INV
2 1 30 3618 1574 AND
2 1 1592 1593 1600 AND
1 1 867 1944 INV
1 1 1917 1929 INV
1 1 963 1756 INV
2 1 1802 1803 1768 AND
1 1 1792 3096 INV
1 1 1792 3092 INV
2 1 1814 1816 1812 AND
2 1 1814 1816 1822 AND
1 1 3609 1227 INV
2 1 1225 1814 3072 AND
2 1 42 3618 1215 AND
2 1 1213 1814 1246 AND
2 1 1234 1235 3068 AND
1 1 383 1134 INV
1 1 1176 1175 INV
1 1 562 1155 INV
2 1 1306 3688 1304 AND
2 1 1344 1345 1341 AND
2 1 1346 3110 1347 AND
2 1 1364 1366 1373 AND
2 1 1359 2467 2463 AND
2 1 1359 2467 2493 AND
2 1 1359 2467 2492 AND
1 1 2376 2374 INV
1 1 2393 2392 INV
2 1 2397 2400 2399 AND
2 1 1306 3607 2425 AND
2 1 1338 2648 2645 AND
1 1 2643 2646 INV
2 1 2659 2660 2665 AND
1 1 1345 2704 INV
2 1 2731 2733 2730 AND
2 1 2731 2733 2745 AND
2 1 1359 2738 2717 AND
2 1 1359 2738 2558 AND
1 1 2556 2560 INV
2 1 1359 2738 2544 AND
2 1 444 47 2592 AND
2 1 1306 3563 2583 AND
1 1 2077 2801 INV
2 1 2104 2105 2103 AND
2 1 2091 2093 2092 AND
2 1 1963 2124 2798 AND
2 1 1306 3667 2812 AND
2 1 1338 2033 2032 AND
2 1 2029 2030 2028 AND
2 1 636 2025 2787 AND
2 1 2731 2733 2254 AND
2 1 2239 2241 2232 AND
1 1 2077 2303 INV
2 1 2301 2305 2298 AND
2 1 1306 3332 2323 AND
2 1 2317 2321 2319 AND
1 1 1345 2150 INV
1 1 2175 2178 INV
2 1 2731 2733 2197 AND
1 1 2207 2827 INV
2 1 1306 3644 2227 AND
1 1 2217 2216 INV
2 1 1338 2218 2917 AND
1 1 2824 2923 INV
2 1 1344 1345 2931 AND
1 1 2850 2870 INV
2 1 2822 2889 2866 AND
2 1 449 1746 2885 AND
2 1 978 2994 971 AND
2 1 362 3017 359 AND
1 1 453 448 INV
1 1 1746 1752 INV
2 1 1756 1757 1753 AND
1 1 3609 3650 INV
2 1 1799 3096 3493 AND
2 1 1824 3092 932 AND
1 1 3072 3648 INV
1 1 1246 677 INV
1 1 3068 3505 INV
1 1 3710 3296 INV
1 1 562 1004 INV
1 1 1304 1320 INV
1 1 1347 1339 INV
1 1 1373 1360 INV
2 1 2466 2492 2474 AND
1 1 2399 2367 INV
1 1 2425 2515 INV
1 1 2544 2536 INV
1 1 2103 2071 INV
1 1 2798 2118 INV
1 1 2812 2136 INV
1 1 2032 2004 INV
1 1 2028 2005 INV
1 1 2787 2022 INV
1 1 2254 1391 INV
1 1 2319 2292 INV
1 1 2077 1967 INV
2 1 2216 2219 2450 AND
1 1 2917 2143 INV
2 1 2909 2923 2157 AND
1 1 2931 2438 INV
1 1 3648 3638 INV
1 1 3651 3653 INV
2 1 29 3650 3625 AND
1 1 3684 3683 INV
2 1 3650 3691 3689 AND
1 1 3648 3661 INV
2 1 35 3493 3541 AND
1 1 3546 3549 INV
1 1 3648 3550 INV
2 1 31 3650 3536 AND
2 1 3493 11 3581 AND
2 1 3598 3602 3599 AND
1 1 3648 3603 INV
1 1 3615 3614 INV
1 1 848 847 INV
2 1 3493 34 652 AND
2 1 663 664 660 AND
2 1 3493 10 3208 AND
1 1 699 698 INV
1 1 3648 694 INV
2 1 667 668 676 AND
1 1 677 670 INV
2 1 932 36 3004 AND
2 1 3650 10 906 AND
2 1 6 3493 916 AND
1 1 911 914 INV
1 1 3648 951 INV
1 1 677 2997 INV
2 1 30 3493 937 AND
2 1 944 947 933 AND
1 1 3648 943 INV
1 1 677 995 INV
2 1 932 40 968 AND
1 1 971 966 INV
2 1 340 932 352 AND
2 1 3493 29 347 AND
1 1 330 345 INV
2 1 41 3650 3015 AND
2 1 5 3493 376 AND
2 1 932 11 3013 AND
1 1 359 354 INV
1 1 399 396 INV
1 1 677 393 INV
1 1 402 401 INV
2 1 381 3009 380 AND
2 1 43 3650 216 AND
1 1 261 258 INV
1 1 677 255 INV
1 1 3648 2976 INV
2 1 11 3650 2974 AND
1 1 274 273 INV
1 1 677 278 INV
2 1 47 448 447 AND
2 1 480 483 482 AND
1 1 1004 3051 INV
2 1 1585 1590 1586 AND
1 1 3648 1591 INV
1 1 1574 1573 INV
2 1 8 3493 1579 AND
1 1 3648 1614 INV
2 1 36 3650 1617 AND
1 1 1600 1599 INV
1 1 677 1595 INV
1 1 3505 3033 INV
2 1 1929 1932 1925 AND
1 1 1752 1750 INV
1 1 3505 1740 INV
2 1 4 3493 1769 AND
1 1 1768 1767 INV
2 1 358 3650 1807 AND
2 1 3493 28 1789 AND
2 1 1812 1813 1811 AND
2 1 1822 25 1821 AND
2 1 1227 1228 1221 AND
1 1 3648 1231 INV
1 1 1215 1214 INV
1 1 3296 3063 INV
2 1 1004 127 1293 AND
2 1 1175 1180 1177 AND
1 1 1004 1199 INV
1 1 1004 1412 INV
2 1 1341 1342 1340 AND
2 1 1338 1339 1348 AND
1 1 1360 3103 INV
2 1 1391 1392 1390 AND
1 1 2450 2459 INV
1 1 2438 2432 INV
2 1 2463 2466 2462 AND
1 1 2474 2507 INV
1 1 2474 3117 INV
1 1 2493 2494 INV
2 1 1343 2450 2768 AND
2 1 1359 2367 2380 AND
2 1 2366 2374 2373 AND
2 1 2392 2395 2394 AND
2 1 1359 2367 2407 AND
2 1 1391 2366 2781 AND
2 1 2645 2646 2642 AND
2 1 1343 2450 2638 AND
2 1 2704 2705 2708 AND
1 1 2438 2711 INV
1 1 2730 2729 INV
1 1 2745 2744 INV
1 1 2717 2716 INV
2 1 2558 171 2748 AND
2 1 2559 2560 2561 AND
2 1 2536 2537 2535 AND
2 1 1391 12 2575 AND
2 1 2589 2592 2591 AND
1 1 2583 2585 INV
2 1 2450 2706 2581 AND
1 1 2092 2090 INV
2 1 1338 2118 2115 AND
2 1 1338 2118 2797 AND
2 1 1951 2450 1949 AND
2 1 1209 1967 1978 AND
2 1 1951 2450 2006 AND
2 1 2004 2005 2031 AND
1 1 2022 2018 INV
2 1 25 1967 2247 AND
2 1 1391 2246 2244 AND
2 1 2232 2233 2234 AND
2 1 2298 2299 2297 AND
2 1 1951 2450 2290 AND
1 1 2323 2291 INV
2 1 1338 2292 2322 AND
2 1 2148 2150 2146 AND
1 1 2157 2154 INV
2 1 2178 2182 2177 AND
1 1 2197 2196 INV
1 1 2227 2226 INV
2 1 2141 2143 2214 AND
2 1 1951 2450 2212 AND
1 1 2157 2925 INV
1 1 2438 2936 INV
2 1 2815 2870 2871 AND
1 1 2866 2868 INV
2 1 47 2885 2884 AND
1 1 3541 3502 INV
2 1 846 847 844 AND
1 1 652 845 INV
1 1 3208 644 INV
1 1 3004 924 INV
2 1 949 2997 904 AND
1 1 968 989 INV
1 1 352 343 INV
2 1 237 2976 249 AND
1 1 3493 3333 INV
1 1 1579 1571 INV
2 1 1602 3033 3509 AND
2 1 1740 3098 981 AND
1 1 1769 1759 INV
1 1 3648 658 INV
1 1 932 3334 INV
1 1 1811 3643 INV
1 1 1821 3533 INV
1 1 677 3649 INV
1 1 3505 3338 INV
1 1 1177 1168 INV
1 1 1340 1321 INV
1 1 1348 1319 INV
2 1 2459 3120 2451 AND
1 1 2462 2469 INV
2 1 2494 3116 2464 AND
1 1 2380 2368 INV
1 1 2373 2369 INV
1 1 2394 2386 INV
1 1 2642 2516 INV
2 1 2729 2751 2487 AND
2 1 2743 2744 2390 AND
2 1 2715 2716 2739 AND
1 1 2748 2718 INV
1 1 2561 2722 INV
1 1 2535 2721 INV
1 1 2591 2677 INV
1 1 2031 1974 INV
2 1 2018 2021 1975 XOR
1 1 2234 2259 INV
1 1 2297 2295 INV
1 1 2177 2171 INV
2 1 2196 2827 2075 AND
2 1 2871 2872 2963 AND
1 1 2884 2890 INV
1 1 3338 3352 INV
1 1 3334 3326 INV
1 1 3333 3645 INV
2 1 3637 3638 3636 AND
1 1 3643 3633 INV
1 1 3625 3624 INV
2 1 32 3649 3621 AND
1 1 3333 3681 INV
1 1 3689 3690 INV
2 1 3649 10 3668 AND
2 1 3658 3661 3659 AND
1 1 3643 3660 INV
2 1 3332 3509 3506 AND
1 1 3334 3498 INV
2 1 34 3649 3228 AND
2 1 3550 3553 3552 AND
1 1 3643 3529 INV
1 1 3533 3523 INV
1 1 3536 3539 INV
1 1 3581 3579 INV
1 1 3643 3560 INV
1 1 3599 3605 INV
2 1 3601 3603 3597 AND
2 1 36 3649 3617 AND
1 1 3643 832 INV
1 1 3533 837 INV
1 1 845 3233 INV
1 1 660 659 INV
1 1 3334 665 INV
2 1 658 31 656 AND
2 1 33 3649 655 AND
1 1 3643 647 INV
2 1 693 694 697 AND
1 1 676 675 INV
2 1 669 670 674 AND
1 1 906 909 INV
1 1 916 919 INV
1 1 904 3003 INV
2 1 951 954 953 AND
1 1 937 940 INV
1 1 933 936 INV
2 1 943 946 945 AND
2 1 994 995 993 AND
1 1 3643 990 INV
2 1 975 981 980 AND
1 1 343 3018 INV
1 1 347 350 INV
2 1 28 3649 328 AND
2 1 658 42 3020 AND
1 1 3533 331 INV
1 1 3015 367 INV
1 1 376 375 INV
1 1 3013 374 INV
2 1 354 355 353 AND
2 1 358 658 357 AND
2 1 393 398 397 AND
1 1 380 379 INV
1 1 3643 203 INV
1 1 3533 201 INV
1 1 216 215 INV
1 1 3333 250 INV
1 1 249 247 INV
2 1 255 260 259 AND
1 1 3334 245 INV
1 1 3533 238 INV
2 1 658 10 292 AND
1 1 3333 291 INV
1 1 3334 289 INV
1 1 2974 266 INV
2 1 277 278 272 AND
2 1 537 981 534 AND
2 1 443 447 446 AND
1 1 482 486 INV
1 1 3333 1553 INV
1 1 3643 1551 INV
1 1 3334 1560 INV
1 1 3533 1546 INV
1 1 1586 1582 INV
2 1 1589 1591 1584 AND
2 1 31 3649 3036 AND
2 1 1613 1614 1611 AND
1 1 1617 1616 INV
2 1 1594 1595 1598 AND
1 1 1925 1928 INV
2 1 1750 1751 1748 AND
1 1 3338 3101 INV
1 1 3533 1783 INV
1 1 3643 1781 INV
2 1 5 3649 1760 AND
1 1 3334 1800 INV
1 1 1807 1809 INV
2 1 7 658 1810 AND
1 1 1789 1793 INV
1 1 3334 1797 INV
1 1 3643 1815 INV
1 1 3533 1820 INV
1 1 1221 1220 INV
2 1 1231 1232 1230 AND
2 1 43 3649 1217 AND
2 1 1168 1169 1166 AND
2 1 1319 1320 1302 AND
2 1 1319 1320 1305 AND
2 1 1372 3103 1355 AND
2 1 1390 13 1389 AND
1 1 2451 2448 INV
2 1 2432 2435 2434 AND
2 1 14 2487 2484 AND
1 1 2464 2508 INV
2 1 14 2487 2509 AND
1 1 2464 2511 INV
2 1 39 2768 2526 AND
2 1 2387 2390 2385 AND
2 1 2370 2386 2762 AND
2 1 2368 2369 2763 AND
2 1 2387 2390 2414 AND
1 1 2386 2412 INV
1 1 2407 2406 INV
1 1 2781 2405 INV
2 1 340 2638 2639 AND
2 1 2677 2678 2664 AND
2 1 2677 2678 2672 AND
1 1 2708 2707 INV
2 1 2710 2711 2713 AND
2 1 2487 15 2737 AND
2 1 2390 2695 2735 AND
1 1 2739 2752 INV
2 1 2718 2722 2551 AND
2 1 2573 2575 2574 AND
2 1 2677 2678 2760 AND
1 1 2581 2584 INV
2 1 2075 17 2072 AND
2 1 2090 154 2089 AND
1 1 2115 2114 INV
2 1 155 2797 2125 AND
2 1 1949 40 1950 AND
2 1 2006 41 2007 AND
2 1 18 2244 2245 AND
1 1 2259 2788 INV
2 1 2075 20 2294 AND
2 1 1359 2295 2304 AND
2 1 43 2290 2794 AND
1 1 2322 2324 INV
1 1 2146 2165 INV
2 1 1359 2171 2789 AND
2 1 2075 19 2198 AND
2 1 42 2212 2213 AND
2 1 2934 2936 2937 AND
2 1 2961 2963 2957 AND
2 1 2868 2890 2867 AND
2 1 3538 3539 3544 AND
2 1 76 3233 861 XOR
2 1 74 644 641 XOR
2 1 84 989 688 XOR
1 1 980 972 INV
2 1 87 3018 3344 XOR
2 1 366 367 337 AND
2 1 374 375 364 AND
2 1 215 2978 212 AND
2 1 244 245 3568 AND
1 1 534 269 INV
1 1 446 465 INV
1 1 3643 373 INV
1 1 3533 3619 INV
1 1 3509 3336 INV
2 1 118 1759 1775 XOR
2 1 1797 1798 1619 AND
2 1 1815 3094 930 AND
2 1 1820 3093 687 AND
1 1 1166 3397 INV
2 1 1305 1321 1203 AND
1 1 1389 1311 INV
1 1 2464 2468 INV
1 1 2509 2476 INV
1 1 2526 2519 INV
1 1 2762 2348 INV
1 1 2763 2345 INV
2 1 2412 2413 2343 AND
2 1 2405 2406 2520 AND
1 1 2639 2423 INV
1 1 2672 2658 INV
1 1 2718 2740 INV
1 1 2574 1313 INV
2 1 2584 2585 2683 AND
1 1 2089 2074 INV
2 1 2114 2117 2135 AND
1 1 2125 2116 INV
1 1 1950 2134 INV
1 1 2007 1972 INV
1 1 2245 1966 INV
1 1 2294 2296 INV
1 1 2794 2284 INV
2 1 2291 2324 2285 AND
1 1 2789 2191 INV
1 1 2198 2193 INV
1 1 2213 2142 INV
2 1 2935 2937 2138 AND
1 1 2867 2954 INV
1 1 3336 3350 INV
2 1 3155 3645 3324 AND
2 1 3326 3327 3329 AND
2 1 3633 3634 3640 AND
1 1 3636 3635 INV
1 1 3621 3620 INV
2 1 28 3619 3630 AND
2 1 3619 38 3628 AND
2 1 3681 3682 3678 AND
1 1 3668 3178 INV
2 1 3657 3660 3663 AND
1 1 3659 3664 INV
1 1 3506 3507 INV
2 1 3498 3499 3495 AND
1 1 3228 3542 INV
1 1 3552 3547 INV
2 1 3529 3530 3526 AND
2 1 3523 3524 3532 AND
1 1 3568 3580 INV
2 1 3225 3560 3559 AND
2 1 40 3619 3557 AND
1 1 3597 3600 INV
1 1 3617 3616 INV
1 1 3336 851 INV
1 1 861 3232 INV
2 1 832 833 839 AND
2 1 836 837 835 AND
2 1 665 666 662 AND
1 1 656 654 INV
1 1 655 657 INV
1 1 641 637 INV
2 1 646 647 649 AND
1 1 687 683 INV
1 1 688 684 INV
1 1 697 696 INV
1 1 674 673 INV
2 1 11 3619 910 AND
1 1 930 907 INV
1 1 953 912 INV
1 1 945 934 INV
2 1 41 3619 987 AND
2 1 990 991 983 AND
1 1 993 992 INV
1 1 972 964 INV
1 1 328 327 INV
1 1 3020 326 INV
2 1 331 332 334 AND
2 1 3619 10 372 AND
2 1 373 36 3014 AND
1 1 357 356 INV
1 1 397 400 INV
2 1 379 384 378 AND
2 1 203 204 210 AND
2 1 201 202 208 AND
2 1 250 251 253 AND
1 1 3568 2981 INV
1 1 259 262 INV
2 1 238 239 241 AND
2 1 373 38 281 AND
1 1 292 2977 INV
2 1 288 291 284 AND
2 1 283 289 290 AND
1 1 272 271 INV
1 1 269 540 INV
2 1 486 488 487 AND
2 1 1552 1553 1513 AND
2 1 1550 1551 1511 AND
2 1 1560 1561 1557 AND
2 1 43 3619 3026 AND
2 1 1545 1546 1543 AND
1 1 1584 1587 INV
1 1 3036 1572 INV
2 1 373 39 1576 AND
1 1 1611 1610 INV
2 1 37 3619 1609 AND
1 1 1619 1615 INV
1 1 1598 1597 INV
1 1 3336 1605 INV
1 1 1748 1747 INV
1 1 1775 3099 INV
2 1 1783 1784 1780 AND
2 1 1781 1782 1778 AND
1 1 1760 1762 INV
2 1 1800 1801 1766 AND
1 1 1810 1808 INV
1 1 1619 1790 INV
1 1 930 1830 INV
1 1 687 1827 INV
1 1 1230 1229 INV
1 1 1217 1216 INV
1 1 3397 1266 INV
2 1 1746 3397 1147 AND
1 1 3397 1128 INV
1 1 3397 1171 INV
1 1 1203 3127 INV
1 1 1203 1481 INV
2 1 1311 1313 1323 AND
2 1 1302 1321 1303 AND
1 1 1355 1357 INV
1 1 2434 2437 INV
1 1 2484 2486 INV
2 1 2468 2469 2465 AND
2 1 1313 2476 2473 AND
2 1 2507 2508 2471 AND
2 1 26 2476 3115 AND
2 1 2511 3117 2510 AND
2 1 2515 2519 2767 AND
1 1 2345 2363 INV
2 1 26 2520 2337 AND
1 1 2343 2339 INV
1 1 2345 2765 INV
2 1 2385 145 2384 AND
1 1 2343 2764 INV
1 1 2414 2416 INV
2 1 2423 2516 2419 AND
2 1 2423 2516 2647 AND
1 1 2664 2663 INV
2 1 1338 2658 2655 AND
1 1 2713 2712 INV
1 1 2737 2736 INV
1 1 2735 2734 INV
1 1 2740 2719 INV
2 1 1313 2721 2550 AND
1 1 2760 2588 INV
1 1 2072 2073 INV
2 1 2071 2074 2108 AND
2 1 2134 2136 2130 AND
1 1 2135 2121 INV
2 1 1972 1975 2808 AND
2 1 1972 1974 1998 AND
2 1 2251 2788 2256 AND
1 1 2304 2784 INV
2 1 2284 2285 2293 AND
2 1 2142 2143 2140 AND
1 1 2138 2153 INV
2 1 1967 2193 2190 AND
2 1 2142 2214 2215 AND
1 1 2138 2823 INV
1 1 2954 2960 INV
2 1 2957 2958 2959 AND
2 1 3620 3624 3656 AND
1 1 3630 3622 INV
2 1 3178 3690 3626 AND
2 1 3614 3616 3564 AND
2 1 654 657 653 AND
1 1 910 926 INV
1 1 688 961 INV
2 1 326 327 346 AND
2 1 353 356 368 AND
1 1 378 415 INV
1 1 281 325 INV
2 1 279 2977 236 AND
1 1 487 451 INV
2 1 1572 1573 1588 AND
1 1 1609 1570 INV
2 1 1761 1762 1771 AND
2 1 1808 1809 1770 AND
2 1 1790 1793 1794 AND
2 1 1214 1216 1224 AND
2 1 1266 3063 3339 AND
2 1 1199 3127 1194 AND
1 1 1303 1317 INV
2 1 2485 2486 2479 AND
1 1 2465 2478 INV
1 1 3115 2506 INV
1 1 2384 2349 INV
2 1 2415 2416 2342 AND
2 1 2663 2665 2684 AND
2 1 2734 2736 2675 AND
2 1 2719 2752 2676 AND
2 1 2586 2588 2701 AND
2 1 2073 2801 2061 AND
1 1 2116 2133 INV
2 1 2303 2784 2264 AND
1 1 2293 790 INV
1 1 2215 2230 INV
1 1 2959 2956 INV
2 1 3350 3351 3347 AND
1 1 3324 3323 INV
1 1 3329 3328 INV
1 1 3640 3639 INV
2 1 3653 3656 3652 AND
1 1 3622 3177 INV
1 1 3628 3627 INV
1 1 3678 3677 INV
1 1 3663 3666 INV
1 1 3495 3494 INV
2 1 3547 3549 3548 AND
1 1 3526 3525 INV
1 1 3532 3531 INV
1 1 3559 3562 INV
1 1 3557 3556 INV
2 1 3564 3605 3604 AND
2 1 789 790 3243 AND
2 1 851 852 854 AND
1 1 839 838 INV
1 1 835 834 INV
1 1 662 661 INV
1 1 649 648 INV
2 1 683 684 685 AND
2 1 696 698 695 AND
2 1 673 675 672 AND
2 1 924 926 931 AND
2 1 907 3002 908 AND
2 1 912 914 913 AND
2 1 934 936 935 AND
1 1 987 2999 INV
1 1 983 982 INV
2 1 964 966 965 AND
2 1 345 346 344 AND
2 1 325 337 336 AND
1 1 334 333 INV
1 1 372 371 INV
1 1 3014 370 INV
2 1 396 400 395 AND
1 1 415 407 INV
1 1 210 209 INV
1 1 208 207 INV
1 1 253 252 INV
2 1 258 262 257 AND
2 1 236 325 243 AND
1 1 241 240 INV
1 1 284 287 INV
1 1 290 285 INV
2 1 271 273 265 AND
2 1 540 2973 539 AND
2 1 451 452 490 AND
1 1 1513 1512 INV
1 1 1511 1510 INV
1 1 1557 1556 INV
2 1 110 3026 1535 AND
1 1 1543 1542 INV
2 1 1582 1588 1581 AND
1 1 1576 1578 INV
2 1 1610 46 1612 AND
2 1 1597 1599 1596 AND
2 1 1604 1605 1607 AND
2 1 1747 1753 1749 AND
1 1 1780 1779 INV
1 1 1778 1777 INV
2 1 1767 1770 1764 AND
1 1 1766 1765 INV
2 1 1827 1828 1829 AND
2 1 1220 1224 1223 AND
1 1 1147 1146 INV
2 1 1127 1128 1130 AND
2 1 1171 1172 1173 AND
1 1 1194 1202 INV
2 1 1481 1482 1483 AND
2 1 1317 27 3112 AND
2 1 1357 1359 1356 AND
2 1 2437 2439 2436 AND
2 1 2477 2478 2488 AND
2 1 1313 2479 2489 AND
1 1 2471 2470 INV
1 1 2506 2501 INV
1 1 2510 2513 INV
2 1 2516 2767 2514 AND
2 1 2348 2349 2346 AND
2 1 2360 2363 2364 AND
2 1 2348 2349 2362 AND
1 1 2342 2338 INV
2 1 2348 2349 2389 AND
1 1 2342 2409 INV
1 1 2419 2421 INV
2 1 2422 2647 2778 AND
2 1 1209 2676 2674 AND
1 1 2684 2772 INV
1 1 2655 2657 INV
1 1 2701 2698 INV
2 1 2707 2712 2709 AND
2 1 25 2676 2702 AND
2 1 2675 2676 2754 AND
2 1 2550 2551 2720 AND
2 1 1359 2108 2802 AND
1 1 2133 2119 INV
2 1 1974 2808 2011 AND
1 1 2256 2255 INV
1 1 790 2266 INV
2 1 2264 2296 2783 AND
1 1 2140 2139 INV
2 1 2153 2154 2155 AND
2 1 2190 2191 2189 AND
2 1 2823 2925 2924 AND
2 1 2955 2956 2819 AND
1 1 3652 3318 INV
2 1 3177 62 3343 XOR
1 1 3548 3543 INV
2 1 3556 3558 3577 AND
1 1 3243 791 INV
1 1 695 689 INV
1 1 672 691 INV
2 1 908 909 922 AND
1 1 913 905 INV
1 1 935 958 INV
1 1 344 339 INV
2 1 370 371 365 AND
1 1 395 361 INV
1 1 257 248 INV
1 1 265 282 INV
1 1 1535 1541 INV
1 1 1612 1580 INV
1 1 1596 1620 INV
1 1 1749 1922 INV
2 1 1829 1830 1804 AND
1 1 3339 3508 INV
2 1 1173 1174 1125 AND
1 1 1356 1312 INV
1 1 2436 2452 INV
1 1 2514 437 INV
1 1 2346 2521 INV
2 1 2420 2421 1475 AND
1 1 2778 2417 INV
2 1 2656 2657 2685 AND
1 1 2709 2700 INV
1 1 2720 1113 INV
1 1 2701 2714 INV
1 1 2802 2059 INV
1 1 2011 1996 INV
1 1 2783 2281 INV
2 1 2139 2790 2166 AND
2 1 2155 2156 2167 AND
1 1 2189 2162 INV
1 1 3347 3346 INV
1 1 3318 3154 INV
2 1 3323 3328 3325 AND
2 1 3639 3646 3642 AND
2 1 3626 3677 3680 AND
2 1 3666 46 3665 AND
1 1 3508 3167 INV
1 1 3543 3554 INV
2 1 3525 3544 3528 AND
2 1 3562 3577 3561 AND
2 1 3600 3604 3606 AND
1 1 854 853 INV
2 1 838 844 841 AND
2 1 653 661 651 AND
2 1 648 46 645 AND
1 1 691 682 INV
1 1 689 3207 INV
1 1 905 917 INV
1 1 958 938 INV
2 1 982 3646 985 AND
1 1 965 970 INV
1 1 339 348 INV
2 1 333 336 335 AND
2 1 364 365 3016 AND
1 1 3508 414 INV
2 1 407 408 404 AND
2 1 209 212 206 AND
1 1 248 263 INV
2 1 240 243 242 AND
1 1 282 264 INV
1 1 539 268 INV
2 1 437 562 435 AND
2 1 49 490 3038 AND
2 1 1512 3646 1509 AND
2 1 1542 1547 1544 AND
2 1 1581 1587 1583 AND
1 1 1580 1577 INV
1 1 1620 3035 INV
1 1 1607 1606 INV
1 1 3508 1915 INV
2 1 1771 1779 1787 AND
2 1 1764 1765 1763 AND
2 1 1223 1229 1222 AND
1 1 1113 1111 INV
1 1 1130 1129 INV
1 1 1125 1135 INV
1 1 1475 1476 INV
2 1 1312 26 1324 AND
2 1 1312 1313 3107 AND
1 1 2452 3124 INV
2 1 2488 2489 2491 AND
2 1 2470 2473 2472 AND
2 1 1313 2513 2512 AND
1 1 437 2770 INV
2 1 2520 2521 2350 AND
1 1 2362 2365 INV
2 1 2338 2339 2341 AND
1 1 2389 2388 INV
2 1 2409 2764 2408 AND
1 1 1475 2775 INV
2 1 2417 2515 2779 AND
2 1 2674 2675 2673 AND
2 1 1113 1242 2680 AND
1 1 2685 2662 INV
1 1 2700 2697 INV
2 1 2675 2702 2703 AND
2 1 1113 24 2692 AND
1 1 2754 2696 INV
2 1 2683 2714 2726 AND
1 1 1113 2749 INV
2 1 2059 2061 2058 AND
2 1 2059 2061 2082 AND
2 1 26 2059 2805 AND
2 1 2059 2060 2070 AND
2 1 2059 2061 2076 AND
2 1 2119 2121 2120 AND
2 1 1359 2255 2257 AND
1 1 2281 2277 INV
2 1 1242 2281 2263 AND
2 1 24 2281 2265 AND
2 1 27 2162 2793 AND
1 1 2162 2169 INV
1 1 2166 2145 INV
1 1 2167 2149 INV
2 1 24 2162 2184 AND
1 1 2162 2192 INV
1 1 2924 2927 INV
1 1 2819 2966 INV
1 1 3325 3315 INV
2 1 3167 3507 3735 AND
2 1 3542 3554 3500 AND
1 1 3561 3567 INV
1 1 3606 3565 INV
1 1 645 639 INV
1 1 335 338 INV
2 1 86 361 369 XOR
1 1 242 232 INV
2 1 264 266 280 AND
1 1 435 440 INV
1 1 3038 463 INV
1 1 1544 1540 INV
1 1 1583 1564 INV
2 1 1577 1578 1569 AND
2 1 1922 116 1918 XOR
1 1 1763 1776 INV
1 1 1222 1818 INV
2 1 1134 1135 1149 AND
2 1 2448 3124 1414 AND
1 1 2491 2482 INV
1 1 2472 1097 INV
1 1 2512 2505 INV
2 1 2364 2365 1108 AND
2 1 2388 2765 2531 AND
1 1 2779 1466 INV
1 1 2673 1435 INV
1 1 2680 1436 INV
2 1 2697 2698 2669 AND
1 1 2703 2670 INV
1 1 2692 2671 INV
2 1 2694 2696 2690 AND
1 1 2076 2613 INV
1 1 1996 1661 INV
1 1 2257 1968 INV
1 1 2263 2283 INV
1 1 2265 2260 INV
1 1 2281 2269 INV
1 1 2793 1691 INV
2 1 2183 2192 2188 AND
2 1 2960 2966 3897 AND
1 1 3315 3331 INV
2 1 3635 3642 3641 AND
2 1 3680 3683 3679 AND
2 1 3664 3665 3662 AND
2 1 3500 3502 3497 AND
2 1 3528 3531 3527 AND
1 1 3567 3582 INV
1 1 3565 3608 INV
2 1 834 841 840 AND
2 1 651 659 650 AND
1 1 639 3206 INV
2 1 682 3207 686 AND
2 1 917 3003 918 AND
2 1 938 3000 939 AND
2 1 985 992 984 AND
2 1 970 3339 969 AND
1 1 338 351 INV
2 1 368 369 363 AND
1 1 404 403 INV
1 1 232 228 INV
2 1 206 207 205 AND
2 1 263 2981 246 AND
2 1 280 287 286 AND
2 1 268 3339 267 AND
1 1 1661 1659 INV
2 1 1509 1510 1508 AND
1 1 1564 1554 INV
2 1 1540 1541 1537 AND
2 1 1564 1565 1536 AND
2 1 1569 1571 1567 AND
2 1 1615 3035 1618 AND
2 1 1606 3339 1608 AND
2 1 1918 1928 1927 AND
1 1 1776 1785 INV
2 1 1777 1787 1786 AND
1 1 1097 3076 INV
1 1 1108 1143 INV
2 1 1129 128 1126 AND
1 1 1414 1413 INV
1 1 1108 1472 INV
1 1 1466 3142 INV
2 1 1323 1324 1325 AND
2 1 1311 3107 1378 AND
2 1 1097 24 3122 AND
1 1 1097 1386 INV
2 1 1097 27 2475 AND
1 1 2505 2502 INV
2 1 25 2531 2517 AND
1 1 1108 2766 INV
1 1 2350 2352 INV
2 1 26 2531 2335 AND
1 1 2341 2340 INV
2 1 144 2531 2391 AND
1 1 2408 2411 INV
1 1 1466 2418 INV
2 1 2662 2772 2679 AND
2 1 2670 2671 2667 AND
2 1 165 2669 2668 AND
1 1 2690 2689 INV
2 1 2727 2749 2724 AND
1 1 2613 2609 INV
1 1 2058 2057 INV
2 1 2080 2082 2081 AND
2 1 2061 2805 2087 AND
2 1 2061 2070 2069 AND
2 1 153 2613 2807 AND
1 1 2120 2131 INV
2 1 1966 1968 1977 AND
2 1 1967 1968 2001 AND
2 1 1966 1968 2249 AND
2 1 790 2283 2276 AND
2 1 2277 2278 2280 AND
2 1 25 2269 2268 AND
1 1 1691 2158 INV
2 1 2168 2169 2170 AND
2 1 2145 2149 2144 AND
1 1 2184 2186 INV
1 1 2188 2185 INV
2 1 148 2927 2926 AND
1 1 3641 3317 INV
1 1 3679 3632 INV
1 1 3662 3631 INV
1 1 3527 3492 INV
2 1 66 3608 3570 XOR
1 1 840 859 INV
1 1 650 862 INV
2 1 685 686 643 AND
2 1 918 919 923 AND
2 1 939 940 962 AND
1 1 984 942 INV
1 1 969 885 INV
2 1 363 3016 309 AND
1 1 205 234 INV
2 1 246 247 214 AND
1 1 267 218 INV
2 1 1659 3051 1055 AND
1 1 1508 1504 INV
2 1 1616 1618 1575 AND
1 1 1608 1530 INV
1 1 1786 1774 INV
2 1 120 1818 1805 XOR
1 1 1126 1148 INV
2 1 1412 1413 1191 AND
2 1 1476 3142 1431 AND
1 1 1325 1112 INV
1 1 1378 1139 INV
1 1 3122 1396 INV
1 1 1414 1462 INV
1 1 2475 2483 INV
2 1 2351 2352 1106 AND
1 1 2391 1098 INV
2 1 1435 1436 2635 AND
2 1 2056 2057 1885 AND
1 1 2081 1888 INV
1 1 2087 2083 INV
1 1 2069 2055 INV
1 1 2807 2088 INV
2 1 1691 146 2316 AND
1 1 2170 1692 INV
2 1 2185 2186 1678 AND
1 1 2926 2229 INV
2 1 3154 3331 3316 AND
1 1 3317 3314 INV
1 1 3632 3176 INV
1 1 3631 3685 INV
1 1 3492 3229 INV
2 1 3494 3497 3496 AND
2 1 3580 3582 3578 AND
1 1 862 842 INV
1 1 859 843 INV
1 1 643 690 INV
1 1 885 3001 INV
2 1 922 923 921 AND
2 1 961 962 956 AND
1 1 942 988 INV
1 1 309 342 INV
2 1 348 351 349 AND
2 1 403 417 411 AND
1 1 218 230 INV
1 1 234 2980 INV
2 1 214 252 213 AND
2 1 285 286 293 AND
1 1 1055 3049 INV
2 1 1689 1692 3032 AND
1 1 1530 3029 INV
1 1 1504 1515 INV
2 1 1554 1555 1563 AND
1 1 1537 1539 INV
1 1 1536 1538 INV
2 1 1570 1575 1566 AND
1 1 1885 1898 INV
2 1 1926 1927 1916 AND
1 1 1774 1788 INV
2 1 1794 1805 3095 AND
1 1 1112 1107 INV
1 1 1106 1145 INV
2 1 1113 1139 1138 AND
2 1 1148 1149 1132 AND
1 1 1431 3139 INV
1 1 1106 1468 INV
1 1 1112 1484 INV
2 1 1139 3112 1322 AND
1 1 1139 1308 INV
2 1 1139 24 1379 AND
2 1 1386 3123 1380 AND
2 1 2501 2502 2504 AND
1 1 2517 2518 INV
1 1 1106 2525 INV
2 1 2335 143 2334 AND
2 1 2337 2340 2336 AND
2 1 2411 2520 2410 AND
2 1 2418 2775 2424 AND
1 1 2679 2682 INV
2 1 2667 2668 2666 AND
1 1 2724 2723 INV
2 1 2609 2610 2612 AND
1 1 1885 2065 INV
2 1 2078 2083 2079 AND
2 1 2055 2088 2086 AND
2 1 2130 2131 2132 AND
2 1 1977 1978 1979 AND
2 1 1966 2001 2002 AND
2 1 2247 2249 2248 AND
1 1 2280 2279 INV
1 1 2268 2267 INV
1 1 2316 2311 INV
2 1 2158 2159 2161 AND
1 1 2144 2147 INV
2 1 2229 2230 2225 AND
2 1 3314 3316 3342 AND
1 1 3496 3491 INV
2 1 3578 3579 3569 AND
2 1 75 690 642 XOR
2 1 988 2999 960 AND
2 1 349 350 308 AND
1 1 213 235 INV
1 1 293 233 INV
1 1 1678 1704 INV
2 1 1538 1539 1548 AND
1 1 1916 1939 INV
2 1 1138 1209 1109 AND
1 1 1191 1416 INV
2 1 1483 1484 1498 AND
1 1 1112 1318 INV
1 1 1322 1496 INV
1 1 1379 1374 INV
1 1 1380 1398 INV
2 1 2518 2770 1424 AND
1 1 2334 1465 INV
1 1 2336 2331 INV
1 1 2410 2372 INV
1 1 2424 2361 INV
1 1 2666 2637 INV
1 1 2055 1886 INV
1 1 2079 1891 INV
1 1 2132 1907 INV
1 1 1979 1970 INV
1 1 2002 1983 INV
1 1 2248 1989 INV
2 1 2266 2267 2261 AND
2 1 3342 3343 3321 AND
2 1 3176 3685 3629 AND
1 1 3491 3484 INV
2 1 3569 3570 3583 AND
2 1 842 843 860 AND
1 1 642 638 INV
2 1 921 931 920 AND
2 1 956 960 2996 AND
2 1 308 3344 341 AND
2 1 401 411 410 AND
1 1 233 229 INV
1 1 235 211 INV
1 1 1704 1699 INV
1 1 1704 1682 INV
2 1 1691 3032 1690 AND
2 1 1548 1556 1559 AND
1 1 1563 1562 INV
2 1 1566 1567 1568 AND
1 1 1886 1896 INV
2 1 562 1907 1893 AND
2 1 981 1939 1919 AND
2 1 1785 1788 1773 AND
2 1 1804 3095 1795 AND
2 1 1107 3076 1110 AND
2 1 1097 1109 1140 AND
2 1 1143 1145 1144 AND
1 1 1132 1131 INV
2 1 1468 1472 1467 AND
2 1 1496 139 1494 AND
1 1 1498 1478 INV
1 1 1498 1489 INV
2 1 1317 1318 1314 AND
2 1 1308 3114 1310 AND
1 1 1374 3109 INV
2 1 1396 1398 1382 AND
1 1 2504 2503 INV
2 1 2525 2766 2524 AND
2 1 2331 2332 2344 AND
2 1 2347 2372 2371 AND
2 1 2682 2683 2681 AND
2 1 2723 2726 2725 AND
1 1 2612 2611 INV
1 1 1886 2756 INV
2 1 1907 151 2048 AND
2 1 1888 1891 2084 AND
1 1 2086 2085 INV
2 1 1661 1989 1987 AND
2 1 24 1983 1997 AND
2 1 1970 1996 1976 AND
2 1 1242 1983 1973 AND
2 1 24 1983 2017 AND
2 1 24 1983 2014 AND
2 1 1975 1989 2000 AND
2 1 2276 2279 2275 AND
2 1 2260 2261 2786 AND
1 1 2161 2160 INV
2 1 2147 2165 2164 AND
1 1 2225 2224 INV
2 1 3627 3629 3345 AND
1 1 3583 3490 INV
2 1 860 3232 850 AND
1 1 920 877 INV
1 1 2996 929 INV
1 1 410 391 INV
1 1 1690 1693 INV
1 1 1568 1503 INV
1 1 1893 1905 INV
1 1 1795 1745 INV
2 1 1110 1111 1101 AND
2 1 1131 1146 1263 AND
2 1 138 3109 1300 XOR
1 1 2344 1471 INV
1 1 2371 1099 INV
1 1 2681 458 INV
1 1 2725 2691 INV
1 1 1907 2599 INV
1 1 2084 2066 INV
2 1 2085 2806 2067 AND
2 1 1982 1997 1988 AND
1 1 1973 1969 INV
1 1 2275 1410 INV
1 1 2786 2262 INV
1 1 2164 1679 INV
2 1 2224 2226 1684 AND
1 1 3321 3319 INV
2 1 3344 3345 3320 AND
2 1 3489 3490 3488 AND
2 1 3229 3484 3486 AND
1 1 850 864 INV
2 1 638 3206 640 AND
2 1 83 929 925 AND
1 1 929 959 INV
1 1 341 307 INV
2 1 391 981 409 AND
2 1 211 2980 227 AND
2 1 228 229 225 AND
2 1 458 562 3042 AND
2 1 1699 1700 1698 AND
2 1 1683 1684 1680 AND
2 1 1679 105 1677 AND
2 1 1679 1693 1688 AND
2 1 789 1679 3031 AND
1 1 1684 1736 INV
2 1 1559 1562 1558 AND
2 1 1896 1898 1897 AND
1 1 1919 1921 INV
2 1 1773 3099 1772 AND
2 1 1098 1101 3075 AND
1 1 1144 1141 INV
2 1 458 1435 3138 AND
1 1 1467 1470 INV
1 1 1314 1316 INV
1 1 1300 1299 INV
1 1 1310 1309 INV
2 1 1382 1414 1381 AND
2 1 136 2503 2500 AND
1 1 2524 2523 INV
2 1 1465 1471 2333 AND
2 1 1098 1099 2381 AND
2 1 458 2635 2631 AND
1 1 2691 2753 INV
2 1 2065 2756 2063 AND
1 1 2066 2047 INV
1 1 2067 2042 INV
1 1 2066 2053 INV
1 1 2067 2054 INV
1 1 1988 1981 INV
2 1 1969 1976 2811 AND
2 1 1982 2017 2016 AND
1 1 2014 2015 INV
2 1 1998 2000 1999 AND
1 1 2262 2785 INV
2 1 1692 2160 2163 AND
2 1 1678 1684 2187 AND
2 1 637 640 849 AND
1 1 925 876 INV
2 1 307 342 294 AND
1 1 3042 459 INV
1 1 1680 1701 INV
1 1 1677 1703 INV
1 1 1688 1695 INV
1 1 1558 1549 INV
1 1 1905 1900 INV
1 1 1772 1744 INV
2 1 1465 1471 1433 AND
2 1 1315 1316 1495 AND
1 1 1381 1464 INV
1 1 2500 2481 INV
1 1 2333 2358 INV
1 1 2811 504 INV
1 1 2016 2010 INV
2 1 2015 2810 1991 AND
1 1 1999 2013 INV
2 1 163 2785 1408 XOR
1 1 2163 2315 INV
1 1 2187 2308 INV
1 1 3320 3322 INV
1 1 3486 3485 INV
1 1 849 3231 INV
2 1 959 2995 948 AND
2 1 85 294 3023 AND
1 1 294 306 INV
1 1 409 3011 INV
1 1 227 226 INV
1 1 225 224 INV
1 1 504 502 INV
2 1 1701 1703 1697 AND
2 1 1701 1703 1681 AND
2 1 106 3031 1726 AND
2 1 1735 1736 1733 AND
1 1 1897 1895 INV
2 1 1744 1745 1743 AND
2 1 1099 3075 1096 AND
2 1 1140 1141 1142 AND
1 1 504 3146 INV
2 1 1436 3138 1434 AND
2 1 1470 27 1469 AND
1 1 1495 1479 INV
1 1 1495 3132 INV
2 1 1203 1309 1307 AND
2 1 2481 2482 2490 AND
2 1 24 2523 2522 AND
1 1 2358 2357 INV
1 1 2381 2383 INV
1 1 2631 2633 INV
2 1 2689 2753 2687 AND
1 1 2063 2062 INV
2 1 2042 2047 2046 AND
2 1 2053 2054 2051 AND
1 1 1991 1980 INV
1 1 2013 2809 INV
2 1 1408 1410 2282 AND
1 1 2315 2312 INV
1 1 2308 2791 INV
2 1 3319 3322 3335 AND
1 1 948 880 INV
1 1 3023 295 INV
2 1 306 3024 320 AND
2 1 414 3011 321 AND
2 1 502 3062 827 AND
1 1 1726 1728 INV
2 1 108 1549 1502 XOR
1 1 1096 1104 INV
1 1 1142 1105 INV
2 1 134 3146 1440 XOR
1 1 1434 418 INV
1 1 1469 1432 INV
1 1 1464 1457 INV
1 1 1307 1301 INV
1 1 2522 1425 INV
2 1 2382 2383 2359 AND
1 1 504 1662 INV
1 1 1991 2012 INV
1 1 2282 785 INV
1 1 3335 3353 INV
2 1 3485 3488 3487 AND
1 1 785 3242 INV
2 1 864 3231 866 AND
1 1 827 3217 INV
2 1 876 880 928 AND
1 1 320 300 INV
2 1 295 3505 3025 AND
2 1 224 226 231 AND
1 1 1662 1674 INV
1 1 1662 1648 INV
1 1 1697 1696 INV
1 1 1681 1705 INV
1 1 1733 1732 INV
1 1 1502 1514 INV
2 1 27 1895 1894 AND
1 1 1743 1742 INV
2 1 1104 1105 1100 AND
1 1 1440 1438 INV
2 1 1424 1425 1422 AND
1 1 418 3141 INV
2 1 1432 1433 1429 AND
1 1 1457 1456 INV
2 1 1478 1479 1492 AND
2 1 1489 3132 1488 AND
1 1 1301 3113 INV
2 1 2483 2490 3118 AND
2 1 1424 1425 2532 AND
1 1 2359 2355 INV
1 1 2687 2686 INV
1 1 785 2606 INV
2 1 24 2062 2064 AND
1 1 2046 2049 INV
1 1 2051 2050 INV
2 1 1980 1981 1985 AND
1 1 1662 1993 INV
2 1 2010 2012 2009 AND
2 1 2311 2312 2314 AND
2 1 2151 2791 2152 AND
1 1 3487 3520 INV
2 1 791 3242 3695 XOR
1 1 827 754 INV
1 1 3025 317 INV
1 1 231 219 INV
1 1 418 615 INV
2 1 1696 1698 1657 AND
2 1 1682 1705 1694 AND
1 1 1894 1892 INV
2 1 1742 3101 1940 AND
1 1 1100 1119 INV
2 1 1299 3113 1490 AND
1 1 3118 1463 INV
1 1 2532 429 INV
1 1 2064 2598 INV
1 1 785 1947 INV
1 1 2152 1685 INV
2 1 3352 3353 3349 AND
1 1 3695 3170 INV
2 1 3519 3520 3169 AND
1 1 3520 3516 INV
1 1 3695 786 INV
1 1 866 865 INV
2 1 877 928 927 AND
1 1 317 302 INV
2 1 219 3505 2979 AND
1 1 615 612 INV
1 1 615 423 INV
1 1 1657 3052 INV
1 1 1694 1707 INV
2 1 1732 1737 1734 AND
2 1 1514 1515 3030 AND
2 1 1888 1892 3087 AND
1 1 1940 3085 INV
2 1 562 1119 1102 AND
1 1 1422 1423 INV
1 1 1429 1430 INV
2 1 1462 1463 1460 AND
2 1 1462 1463 3137 AND
1 1 1490 1497 INV
1 1 1492 1491 INV
1 1 1488 1487 INV
2 1 1462 1463 1388 AND
2 1 1462 1463 2453 AND
2 1 2355 2357 2356 AND
2 1 2686 2693 2688 AND
2 1 2598 2599 2608 AND
2 1 2048 2049 2045 AND
2 1 1907 2050 2052 AND
1 1 1985 1984 INV
1 1 2009 2008 INV
1 1 2314 2313 INV
1 1 3169 3504 INV
1 1 3695 3748 INV
1 1 927 881 INV
1 1 1734 1727 INV
2 1 1423 3141 1426 AND
2 1 1430 3139 436 AND
2 1 135 3137 1152 AND
1 1 2453 1384 INV
1 1 2688 2636 INV
1 1 2045 1635 INV
1 1 2052 2044 INV
2 1 2008 2809 1663 AND
1 1 3349 3348 INV
1 1 3748 3515 INV
2 1 3516 3518 3517 AND
1 1 3748 799 INV
2 1 865 3505 863 AND
2 1 881 3505 879 AND
2 1 300 302 296 AND
1 1 2979 217 INV
2 1 436 562 3045 AND
1 1 1663 1675 INV
1 1 1663 1649 INV
2 1 1706 1707 1709 AND
2 1 1727 1728 1725 AND
1 1 3030 1501 INV
2 1 1635 1905 1901 AND
2 1 1891 3087 1887 AND
2 1 1915 3085 1920 AND
1 1 1102 1118 INV
1 1 1152 1164 INV
1 1 1426 3140 INV
1 1 436 1421 INV
1 1 1152 1455 INV
1 1 1460 1461 INV
2 1 1491 1494 1493 AND
2 1 1487 1496 1486 AND
2 1 1388 135 1387 AND
2 1 1384 1385 1383 AND
1 1 2356 2354 INV
2 1 2636 2637 2634 AND
2 1 2608 2611 2607 AND
2 1 2043 2044 2041 AND
2 1 1984 1987 1986 AND
1 1 1663 1971 INV
2 1 1679 2313 2310 AND
1 1 3517 3503 INV
1 1 863 815 INV
2 1 217 230 189 AND
1 1 1725 1686 INV
1 1 1635 1914 INV
1 1 1887 1908 INV
2 1 1920 1921 1933 AND
2 1 1103 1118 1120 AND
2 1 1421 3140 1271 AND
2 1 1461 3136 1153 AND
1 1 1493 1197 INV
1 1 1486 1280 INV
1 1 1387 1473 INV
1 1 1383 1474 INV
1 1 2607 1904 INV
1 1 2041 1634 INV
1 1 1986 1668 INV
1 1 2310 509 INV
2 1 3339 3348 3356 AND
2 1 3514 3515 3511 AND
2 1 3503 3504 3521 AND
2 1 815 3339 856 AND
1 1 879 878 INV
1 1 296 299 INV
2 1 437 3045 424 AND
1 1 509 507 INV
2 1 1634 1635 3057 AND
2 1 1675 3049 1676 AND
2 1 504 1668 1653 AND
2 1 1649 1650 1647 AND
1 1 1709 1708 INV
2 1 1685 1686 1730 AND
2 1 1501 1503 1500 AND
2 1 1634 1904 1903 AND
1 1 1914 1910 INV
2 1 1907 1908 1890 AND
1 1 1153 3129 INV
2 1 1473 1474 1459 AND
2 1 1455 1456 1453 AND
1 1 1153 1454 INV
2 1 1280 1480 1477 AND
2 1 1464 1474 3104 AND
2 1 2354 2361 2353 AND
1 1 2634 2632 INV
2 1 1634 1635 2068 AND
2 1 504 1668 1990 AND
2 1 1971 1993 1992 AND
2 1 509 2308 2792 AND
2 1 878 3001 870 AND
1 1 424 431 INV
2 1 507 508 3756 AND
2 1 1674 1676 1053 AND
2 1 1647 1648 1673 AND
1 1 1500 1507 INV
1 1 1280 1282 INV
2 1 1164 3129 593 AND
1 1 1459 1190 INV
2 1 1453 1454 1137 AND
1 1 1477 1198 INV
1 1 2353 430 INV
2 1 2632 2633 595 AND
1 1 2068 1441 INV
2 1 3346 3356 3355 AND
1 1 3756 3171 INV
1 1 3511 3510 INV
2 1 3505 3521 3522 AND
1 1 3756 787 INV
2 1 853 856 855 AND
1 1 1053 3211 INV
2 1 430 440 438 AND
1 1 3756 517 INV
1 1 3057 1633 INV
1 1 1673 3050 INV
1 1 1653 1652 INV
2 1 1695 1708 1711 AND
2 1 1507 3505 1505 AND
2 1 1901 1903 1902 AND
1 1 1890 1889 INV
1 1 593 1284 INV
1 1 1282 1281 INV
2 1 1190 1191 1188 AND
2 1 1137 1416 1415 AND
2 1 429 595 3134 AND
2 1 1197 1198 3131 AND
2 1 1473 3104 1397 AND
2 1 429 595 2533 AND
2 1 158 1990 2814 AND
1 1 1992 1995 INV
2 1 147 2792 2307 AND
1 1 3355 3295 INV
1 1 3522 3734 INV
1 1 855 816 INV
1 1 595 596 INV
2 1 459 595 550 XOR
1 1 3756 3732 INV
2 1 1633 1645 735 AND
1 1 1053 1665 INV
2 1 1652 3048 1672 AND
1 1 1711 1658 INV
1 1 1902 1863 INV
2 1 1889 3086 1899 AND
2 1 1197 1198 581 AND
1 1 1188 1183 INV
1 1 1415 1184 INV
2 1 430 3134 1136 AND
1 1 1397 1283 INV
1 1 1441 2616 INV
1 1 2814 1954 INV
1 1 2307 1687 INV
1 1 3295 3337 INV
2 1 3734 3735 3513 AND
1 1 816 857 INV
1 1 550 549 INV
2 1 581 1004 2988 AND
2 1 429 438 441 AND
1 1 550 428 INV
1 1 1672 1667 INV
1 1 1658 1702 INV
2 1 1687 1730 1729 AND
1 1 1505 1506 INV
1 1 1899 1913 INV
1 1 1283 1277 INV
2 1 1136 1137 1150 AND
1 1 581 1201 INV
2 1 1183 1184 1181 AND
2 1 1183 1184 1192 AND
2 1 1136 1190 3143 AND
2 1 1136 1280 3133 AND
1 1 3131 1499 INV
1 1 1283 3105 INV
2 1 430 2533 2534 AND
2 1 1904 2616 2624 AND
2 1 1904 2616 2614 AND
2 1 1651 1995 1994 AND
1 1 2988 599 INV
1 1 441 432 INV
1 1 550 869 INV
1 1 735 747 INV
1 1 1729 1660 INV
2 1 1506 3029 1533 AND
2 1 1187 1192 1163 AND
1 1 3143 1450 INV
2 1 1497 1499 1114 AND
1 1 2534 1272 INV
1 1 2614 2605 INV
1 1 1994 1953 INV
2 1 1685 1687 1447 AND
2 1 3510 3513 3512 AND
1 1 747 746 INV
1 1 747 3221 INV
1 1 869 3008 INV
2 1 94 869 558 AND
2 1 431 432 439 AND
2 1 1667 3050 1670 AND
2 1 1702 3052 1656 AND
2 1 1910 1913 1909 AND
1 1 1272 3078 INV
1 1 1272 1278 INV
2 1 1004 1114 1124 AND
2 1 1004 1114 3073 AND
1 1 1163 3130 INV
2 1 1194 1201 1207 AND
1 1 1114 1200 INV
1 1 1163 1185 INV
1 1 1181 1182 INV
1 1 1447 1446 INV
2 1 1137 3133 1458 AND
1 1 1272 1399 INV
1 1 1447 2627 INV
1 1 2605 2601 INV
2 1 1953 1954 1952 AND
1 1 3512 3711 INV
1 1 439 188 INV
2 1 1182 3126 1165 AND
1 1 1458 1452 INV
2 1 1399 3105 1116 AND
1 1 1952 1052 INV
2 1 1052 1055 1051 AND
2 1 882 3008 884 AND
1 1 188 2985 INV
1 1 1670 1669 INV
1 1 1656 1655 INV
1 1 1909 1912 INV
2 1 1284 3078 1286 AND
2 1 1278 1281 1279 AND
2 1 1115 1116 1123 AND
2 1 1150 3073 1151 AND
1 1 1165 1160 INV
1 1 1207 1206 INV
2 1 1200 1202 1205 AND
1 1 1165 3125 INV
2 1 1271 1452 1427 AND
1 1 1052 2755 INV
1 1 188 606 INV
2 1 1277 1279 1646 AND
1 1 1151 1121 INV
2 1 2606 2755 2615 AND
1 1 1052 1442 INV
1 1 1051 1050 INV
1 1 884 883 INV
2 1 221 2985 223 AND
2 1 606 1004 613 AND
1 1 1646 1641 INV
2 1 1055 1669 1671 AND
2 1 1655 1660 1654 AND
2 1 1900 1912 1911 AND
1 1 1646 1295 INV
1 1 1646 3077 INV
1 1 1286 1285 INV
2 1 1123 1124 1122 AND
2 1 1120 1121 1117 AND
2 1 1160 3130 1162 AND
1 1 1205 1204 INV
2 1 1185 3125 1186 AND
2 1 1441 1442 1437 AND
2 1 1427 1450 1428 AND
2 1 2615 150 2626 AND
2 1 1442 1947 1955 AND
2 1 1050 3211 3340 AND
1 1 1671 1666 INV
1 1 1654 824 INV
1 1 1911 1864 INV
1 1 1122 1063 INV
1 1 1117 1065 INV
2 1 1204 1206 457 AND
1 1 1186 316 INV
1 1 1428 1002 INV
1 1 1955 2622 INV
2 1 3340 3341 3354 AND
2 1 824 827 822 AND
1 1 3340 3200 INV
1 1 3340 3197 INV
1 1 3340 743 INV
1 1 824 3218 INV
1 1 3340 1001 INV
2 1 1002 1004 1000 AND
1 1 3340 3220 INV
2 1 81 3340 1064 AND
2 1 1063 1065 1059 AND
2 1 1065 3 1079 AND
2 1 870 883 868 AND
1 1 316 301 INV
1 1 223 222 INV
1 1 316 579 INV
2 1 316 869 462 AND
2 1 824 827 3061 AND
2 1 1665 1666 1664 AND
2 1 1863 1864 1873 AND
2 1 1863 1864 1906 AND
1 1 457 1942 INV
1 1 457 1262 INV
2 1 1271 1285 1287 AND
1 1 1162 1161 INV
2 1 316 793 1195 AND
1 1 1437 1439 INV
2 1 2624 2626 2625 AND
1 1 2622 2604 INV
1 1 824 681 INV
1 1 1064 1030 INV
1 1 868 900 INV
2 1 457 3 580 AND
1 1 3061 3746 INV
1 1 1664 733 INV
1 1 1906 1003 INV
2 1 3 1262 1253 XOR
1 1 1287 1644 INV
2 1 1063 1065 796 AND
2 1 1438 1439 1448 AND
1 1 2625 2618 INV
1 1 3354 3152 INV
2 1 3746 3748 3744 AND
2 1 793 796 3244 AND
1 1 822 821 INV
1 1 3746 3235 INV
2 1 681 3341 680 AND
2 1 733 735 732 AND
2 1 743 744 745 AND
2 1 733 735 997 AND
2 1 1001 3221 1007 AND
2 1 733 1003 998 AND
1 1 1030 3216 INV
1 1 733 3212 INV
2 1 1003 1063 1080 AND
2 1 297 301 298 AND
2 1 189 222 220 AND
2 1 462 580 461 AND
2 1 1003 1004 1638 AND
1 1 1644 1643 INV
2 1 733 824 3056 AND
1 1 1873 1872 INV
1 1 1003 3089 INV
2 1 793 796 1937 AND
2 1 1942 1944 1943 AND
1 1 1253 3081 INV
1 1 1644 1294 INV
1 1 1644 1274 INV
2 1 796 3 3079 AND
2 1 581 1161 1159 AND
2 1 457 1195 1196 AND
1 1 1448 3144 INV
2 1 2601 2604 2600 AND
2 1 3152 3337 3298 AND
2 1 821 823 3693 AND
2 1 820 3235 3709 AND
1 1 680 671 INV
2 1 745 746 741 AND
1 1 220 191 INV
2 1 579 580 600 XOR
1 1 461 427 INV
1 1 3056 518 INV
1 1 1003 1629 INV
2 1 1870 1872 1865 AND
2 1 1869 3089 1868 AND
1 1 1937 1861 INV
2 1 125 3081 1265 XOR
1 1 3079 1288 INV
1 1 1159 594 INV
1 1 1196 576 INV
1 1 3298 3151 INV
1 1 3709 3707 INV
1 1 3693 3705 INV
1 1 3693 3241 INV
1 1 3709 826 INV
1 1 741 3195 INV
1 1 732 731 INV
2 1 734 997 996 AND
1 1 1007 1006 INV
2 1 998 1000 999 AND
2 1 1079 1080 1078 AND
1 1 298 304 INV
2 1 593 594 604 AND
1 1 600 2990 INV
2 1 593 594 426 AND
1 1 427 460 INV
1 1 518 514 INV
2 1 1641 1643 1642 AND
1 1 1629 1628 INV
1 1 518 3055 INV
2 1 1603 1629 1851 AND
1 1 1865 3090 INV
1 1 1868 1871 INV
1 1 1943 1946 INV
2 1 1265 3296 1264 AND
2 1 1265 3397 3080 AND
2 1 1294 1295 1297 AND
2 1 1274 3077 1273 AND
2 1 1446 3144 1445 AND
1 1 2600 2603 INV
2 1 826 3241 788 AND
2 1 671 73 817 XOR
2 1 731 3196 740 AND
1 1 996 1016 INV
1 1 999 751 INV
1 1 1078 753 INV
2 1 91 191 181 XOR
2 1 576 96 572 XOR
2 1 599 2990 310 XOR
2 1 99 460 621 XOR
1 1 518 506 INV
2 1 1628 3055 794 AND
1 1 1851 1534 INV
2 1 1871 3090 1062 AND
1 1 1861 1848 INV
1 1 1264 1936 INV
1 1 3080 1255 INV
2 1 593 594 563 AND
2 1 3705 3707 3706 AND
2 1 794 3244 792 AND
1 1 788 3239 INV
1 1 817 858 INV
1 1 753 749 INV
2 1 751 824 3201 AND
1 1 740 739 INV
2 1 751 824 3219 AND
2 1 82 1006 1005 AND
1 1 753 1034 INV
2 1 793 1062 1061 AND
1 1 753 3213 INV
1 1 753 1092 INV
2 1 753 80 1081 AND
1 1 310 319 INV
2 1 304 321 303 AND
1 1 572 566 INV
1 1 563 560 INV
1 1 604 603 INV
1 1 310 2989 INV
2 1 621 635 631 AND
1 1 426 425 INV
1 1 1642 1639 INV
2 1 794 796 3053 AND
2 1 1533 1534 1532 AND
2 1 1845 1848 1843 AND
1 1 1062 1879 INV
2 1 1933 1946 1945 AND
1 1 1297 1296 INV
1 1 1273 1276 INV
1 1 563 1156 INV
1 1 1445 1444 INV
2 1 2603 2623 2602 AND
1 1 792 3716 INV
2 1 786 3239 3729 AND
2 1 857 858 830 AND
2 1 749 3200 719 AND
1 1 1005 1015 INV
2 1 1092 3209 1087 AND
1 1 1081 1071 INV
2 1 603 605 551 AND
1 1 621 591 INV
2 1 425 428 616 AND
1 1 3053 1626 INV
1 1 1062 1837 INV
1 1 1945 1935 INV
2 1 124 1255 1938 XOR
1 1 2602 2619 INV
1 1 3706 3703 INV
1 1 3716 3736 INV
1 1 830 812 INV
1 1 719 3203 INV
2 1 739 3195 737 AND
2 1 1015 1016 1014 AND
2 1 1034 3220 1035 AND
2 1 1059 1061 1060 AND
2 1 1069 1071 1066 AND
2 1 1047 3213 1046 AND
1 1 1087 1084 INV
2 1 318 319 3021 AND
2 1 299 303 305 AND
1 1 551 547 INV
2 1 557 560 556 AND
2 1 551 596 597 AND
1 1 591 582 INV
2 1 97 591 623 AND
1 1 616 609 INV
1 1 616 421 INV
2 1 1638 1639 1640 AND
1 1 1626 1632 INV
1 1 1532 1531 INV
2 1 1935 1938 3084 AND
2 1 1293 1296 1292 AND
2 1 1004 1276 1275 AND
2 1 1155 1156 1158 AND
2 1 509 1444 1443 AND
2 1 2618 2619 2759 AND
2 1 68 3716 3721 XOR
1 1 3716 762 INV
1 1 830 805 INV
1 1 1035 715 INV
1 1 1060 1022 INV
1 1 1046 1070 INV
1 1 305 311 INV
1 1 597 555 INV
1 1 1640 755 INV
1 1 1292 477 INV
1 1 1275 1290 INV
1 1 1443 1407 INV
1 1 715 728 INV
1 1 755 742 INV
1 1 737 736 INV
1 1 1014 1013 INV
1 1 1022 1020 INV
2 1 747 755 1028 AND
2 1 755 1030 1027 AND
2 1 747 755 1056 AND
2 1 747 755 1076 AND
2 1 747 755 1074 AND
1 1 3021 322 INV
2 1 547 549 548 AND
1 1 556 559 INV
1 1 555 598 INV
2 1 582 583 586 AND
1 1 623 622 INV
2 1 609 612 611 AND
2 1 421 423 422 AND
2 1 747 755 513 AND
2 1 747 755 1636 AND
2 1 1936 3084 1934 AND
2 1 1290 1291 1289 AND
1 1 1158 1157 INV
2 1 1407 1408 1449 AND
1 1 2759 2617 INV
2 1 742 3197 761 AND
2 1 1013 3217 752 AND
2 1 747 1027 1021 AND
2 1 733 1074 1095 AND
2 1 554 598 568 XOR
1 1 1636 1058 INV
1 1 1934 3890 INV
1 1 1289 478 INV
1 1 1449 1409 INV
2 1 2617 2627 887 AND
2 1 752 3201 750 AND
1 1 761 757 INV
2 1 736 754 738 AND
2 1 751 752 1017 AND
1 1 1021 1019 INV
1 1 1028 1029 INV
2 1 733 1056 1057 AND
2 1 1058 3340 1054 AND
1 1 1095 3210 INV
1 1 1076 1075 INV
2 1 796 887 898 AND
2 1 311 322 324 AND
2 1 568 572 577 AND
1 1 548 546 INV
2 1 558 559 561 AND
1 1 586 585 INV
1 1 611 614 INV
1 1 422 420 INV
2 1 477 887 3059 AND
1 1 513 515 INV
2 1 506 1058 505 AND
1 1 887 1630 INV
2 1 796 887 1714 AND
2 1 477 478 1878 AND
2 1 477 478 1867 AND
2 1 477 478 1298 AND
2 1 576 1157 1154 AND
2 1 887 1002 1451 AND
2 1 887 1114 3135 AND
1 1 3890 3287 INV
1 1 750 720 INV
1 1 738 748 INV
2 1 752 3219 716 AND
2 1 1029 3216 1023 AND
1 1 1057 1048 INV
1 1 1054 1049 INV
2 1 1075 3212 1093 AND
1 1 324 313 INV
1 1 561 574 INV
2 1 514 515 3758 AND
1 1 505 3730 INV
1 1 1714 1625 INV
1 1 1298 1836 INV
1 1 1154 3892 INV
2 1 1409 1410 891 AND
1 1 1451 1411 INV
2 1 1116 3135 3894 AND
1 1 3758 3754 INV
2 1 3730 3732 3727 AND
1 1 3758 3238 INV
1 1 716 726 INV
1 1 748 760 INV
1 1 716 3198 INV
1 1 1017 1008 INV
1 1 1023 3215 INV
2 1 1048 1049 1045 AND
1 1 1093 1089 INV
2 1 793 898 3006 AND
2 1 546 553 545 AND
2 1 613 614 610 AND
2 1 420 1004 419 AND
2 1 478 3059 476 AND
1 1 3758 3058 INV
2 1 3730 3732 501 AND
2 1 1630 1632 1622 AND
1 1 1625 1631 INV
2 1 1836 1837 1835 AND
1 1 1878 1880 INV
2 1 1062 1867 1866 AND
2 1 1288 1836 3082 AND
2 1 891 1411 3145 AND
2 1 787 3238 3728 AND
2 1 1008 3218 730 AND
1 1 1045 1073 INV
1 1 3006 888 INV
1 1 313 3286 INV
1 1 545 575 INV
1 1 610 607 INV
1 1 419 433 INV
1 1 476 889 INV
1 1 1835 1858 INV
2 1 1879 1880 1846 AND
1 1 1866 1859 INV
1 1 3082 520 INV
1 1 3145 1400 INV
2 1 3171 3754 3755 AND
1 1 3727 3168 INV
2 1 3728 3729 3738 AND
2 1 3728 3729 769 AND
2 1 3728 3729 3240 AND
1 1 730 3204 INV
2 1 757 760 756 AND
1 1 730 1010 INV
2 1 1020 3215 1018 AND
2 1 1070 1073 1068 AND
2 1 1089 3210 1091 AND
2 1 889 891 3005 AND
1 1 520 519 INV
2 1 574 575 552 AND
1 1 520 601 INV
2 1 607 100 2987 AND
1 1 607 618 INV
2 1 188 433 3047 AND
2 1 889 891 475 AND
2 1 517 3058 516 AND
2 1 501 3731 503 AND
2 1 1626 1631 1624 AND
1 1 1622 1621 INV
2 1 112 1858 1857 AND
2 1 1859 1861 1853 AND
2 1 1858 1859 1839 AND
1 1 1846 1876 INV
1 1 1846 1884 INV
2 1 3753 3755 3759 AND
2 1 3168 3726 3760 AND
1 1 3240 803 INV
2 1 1018 1019 1044 AND
2 1 519 92 200 XOR
1 1 552 567 INV
1 1 2987 624 INV
1 1 3047 584 INV
1 1 475 479 INV
1 1 503 3692 INV
1 1 1859 1844 INV
1 1 520 1261 INV
2 1 133 1400 3893 XOR
1 1 3759 3172 INV
1 1 3760 3757 INV
1 1 3738 3737 INV
1 1 769 771 INV
2 1 726 3204 727 AND
1 1 756 759 INV
2 1 1010 3198 1009 AND
1 1 1044 1037 INV
2 1 1066 1068 1067 AND
1 1 1091 1090 INV
2 1 888 3005 886 AND
2 1 200 310 2984 AND
1 1 200 522 INV
2 1 567 568 565 AND
2 1 567 577 578 AND
2 1 601 2989 602 AND
1 1 584 626 INV
2 1 617 618 3046 AND
1 1 584 434 INV
1 1 516 511 INV
1 1 1624 1623 INV
2 1 1853 1857 1856 AND
2 1 1839 1861 1838 AND
1 1 1844 1877 INV
1 1 1844 3088 INV
1 1 1261 1260 INV
2 1 3172 3757 3752 AND
2 1 727 728 678 AND
1 1 1044 3596 INV
1 1 1067 1042 INV
1 1 886 1077 INV
1 1 2984 194 INV
1 1 578 874 INV
1 1 602 875 INV
2 1 98 626 589 XOR
1 1 3046 625 INV
2 1 434 608 634 XOR
2 1 1621 1623 1627 AND
1 1 1856 1525 INV
1 1 1838 1855 INV
2 1 3747 3752 3743 AND
1 1 678 3205 INV
2 1 681 759 758 AND
1 1 1009 1012 INV
2 1 1037 1040 1038 AND
2 1 1071 1090 1094 AND
1 1 1077 890 INV
1 1 194 2983 INV
1 1 875 2991 INV
1 1 565 564 INV
2 1 624 625 620 AND
1 1 634 627 INV
2 1 511 103 510 AND
2 1 1854 1855 1852 AND
2 1 1876 1877 1841 AND
2 1 1884 3088 1883 AND
2 1 1259 1260 1257 AND
1 1 758 721 INV
1 1 1094 1088 INV
2 1 890 77 3441 XOR
2 1 88 2983 196 XOR
2 1 564 566 530 AND
1 1 874 526 INV
2 1 624 625 633 AND
1 1 510 3694 INV
2 1 1627 102 1637 XOR
1 1 1852 1526 INV
2 1 3692 3694 3702 AND
2 1 3743 3744 3745 AND
2 1 720 721 718 AND
2 1 719 721 713 AND
2 1 715 1012 1011 AND
1 1 1088 1082 INV
2 1 196 875 193 AND
1 1 530 569 INV
1 1 526 2992 INV
1 1 620 619 INV
1 1 633 630 INV
2 1 3692 3694 3060 AND
2 1 793 1637 3054 AND
2 1 1525 1526 1522 AND
2 1 1525 1526 1860 AND
1 1 1841 1840 INV
1 1 1883 1882 INV
1 1 1257 1256 INV
1 1 3745 3714 INV
1 1 3441 3424 INV
1 1 1011 810 INV
1 1 530 873 INV
2 1 619 622 592 AND
1 1 3054 474 INV
1 1 1860 1849 INV
2 1 3702 3703 3704 AND
1 1 3424 3586 INV
1 1 718 717 INV
2 1 713 720 712 AND
2 1 1082 1084 1083 AND
2 1 873 874 3007 AND
2 1 193 3397 192 AND
2 1 873 874 529 AND
2 1 569 2992 571 AND
2 1 589 592 588 AND
2 1 627 630 629 AND
1 1 474 3041 INV
2 1 3060 3746 512 AND
1 1 1522 1521 INV
2 1 1840 1843 1842 AND
2 1 1848 1882 1881 AND
2 1 1256 1263 1258 AND
1 1 3704 3698 INV
2 1 717 3203 679 AND
1 1 712 809 INV
1 1 192 3292 INV
1 1 512 3701 INV
1 1 1842 1716 INV
1 1 1881 1875 INV
1 1 1258 3891 INV
2 1 3286 3292 3285 AND
2 1 3695 3698 3708 AND
1 1 3701 3742 INV
2 1 3695 3701 3740 AND
2 1 3695 3701 772 AND
2 1 809 810 808 AND
1 1 679 723 INV
2 1 809 810 714 AND
1 1 1083 1086 INV
2 1 875 3007 872 AND
2 1 3286 3292 312 AND
2 1 529 93 528 AND
1 1 571 570 INV
2 1 585 588 587 AND
1 1 629 632 INV
1 1 3701 3039 INV
2 1 1875 113 1874 AND
1 1 3708 3699 INV
1 1 3701 802 INV
1 1 714 3444 INV
1 1 872 892 INV
1 1 312 3886 INV
1 1 528 314 INV
1 1 587 543 INV
2 1 479 3039 469 XOR
1 1 1874 1717 INV
2 1 3890 3886 3180 AND
1 1 3444 3437 INV
2 1 3285 3287 3284 AND
2 1 3699 3714 3697 AND
2 1 3170 3742 3749 AND
1 1 3740 3739 INV
1 1 772 770 INV
1 1 802 797 INV
1 1 808 807 INV
2 1 723 3205 725 AND
2 1 3441 3444 709 AND
2 1 79 1086 1085 AND
2 1 892 3397 871 AND
2 1 527 570 573 AND
2 1 631 632 628 AND
2 1 469 474 3040 AND
1 1 469 468 INV
2 1 1716 1717 1524 AND
2 1 1716 1717 1847 AND
1 1 3180 3829 INV
1 1 3284 3827 INV
2 1 770 771 764 AND
2 1 807 3237 828 AND
1 1 3444 701 INV
1 1 1085 1043 INV
1 1 871 902 INV
1 1 573 315 INV
1 1 628 544 INV
1 1 3040 494 INV
1 1 1847 1850 INV
2 1 3827 3829 3840 AND
2 1 3827 3829 3179 AND
1 1 3827 3160 INV
1 1 3749 3751 INV
2 1 3736 3739 3741 AND
2 1 762 764 775 AND
2 1 797 799 798 AND
1 1 828 3236 INV
1 1 725 724 INV
2 1 1042 1043 1036 AND
2 1 1042 1043 1072 AND
1 1 902 894 INV
2 1 314 315 3022 AND
2 1 544 3296 2975 AND
2 1 314 315 532 AND
2 1 544 3397 590 AND
2 1 468 3041 467 AND
1 1 1524 1523 INV
2 1 1849 1850 3034 AND
1 1 3179 3842 INV
2 1 3737 3741 3720 AND
1 1 1072 3595 INV
1 1 3022 977 INV
2 1 543 590 541 AND
1 1 467 495 INV
2 1 1521 1523 1720 AND
1 1 3034 1520 INV
2 1 54 3840 3182 AND
1 1 3720 3718 INV
2 1 67 3751 3750 AND
2 1 3595 3596 3593 AND
2 1 3595 3596 780 AND
1 1 775 774 INV
1 1 798 801 INV
2 1 812 3236 814 AND
2 1 724 3296 722 AND
1 1 1036 1039 INV
2 1 3595 3596 1026 AND
2 1 977 3296 2993 AND
2 1 543 2975 542 AND
1 1 532 531 INV
2 1 494 495 493 AND
1 1 1720 3028 INV
2 1 1520 3296 1516 AND
2 1 1520 3397 1529 AND
1 1 3182 3834 INV
1 1 3842 3773 INV
1 1 3750 3700 INV
1 1 780 3590 INV
2 1 773 774 766 AND
1 1 722 804 INV
2 1 1038 1039 710 AND
1 1 2993 901 INV
1 1 542 182 INV
2 1 531 2991 903 AND
1 1 3773 3769 INV
2 1 3834 55 3831 AND
2 1 3697 3700 3696 AND
2 1 3593 3594 3592 AND
2 1 78 3590 3224 AND
2 1 801 803 800 AND
1 1 814 813 INV
2 1 804 805 819 AND
1 1 710 703 INV
1 1 710 3214 INV
1 1 1026 1025 INV
2 1 900 901 895 AND
1 1 903 897 INV
2 1 181 182 178 AND
2 1 181 182 190 AND
1 1 903 523 INV
2 1 472 493 492 AND
2 1 1527 3028 1719 AND
1 1 1516 1518 INV
1 1 1529 1528 INV
1 1 3696 3719 INV
1 1 3592 3670 INV
1 1 3224 3671 INV
1 1 800 781 INV
2 1 1024 1025 711 AND
2 1 180 190 3379 AND
1 1 492 464 INV
2 1 1718 1719 1712 AND
2 1 1517 1518 1713 AND
2 1 1528 1531 1715 AND
1 1 3831 3833 INV
1 1 3379 3375 INV
2 1 3424 3670 3174 AND
2 1 3719 3721 3717 AND
2 1 3670 3671 3591 AND
2 1 781 3716 768 AND
2 1 781 3716 795 AND
2 1 813 72 811 AND
2 1 806 819 818 AND
1 1 711 704 INV
1 1 711 1041 INV
2 1 894 897 893 AND
1 1 3379 2982 INV
1 1 178 179 INV
2 1 522 523 525 AND
2 1 464 465 445 AND
1 1 1712 1724 INV
1 1 1713 3027 INV
1 1 3591 3443 INV
1 1 795 765 INV
1 1 811 3255 INV
1 1 818 3253 INV
2 1 179 2986 3381 AND
1 1 3381 3376 INV
2 1 3441 3443 3436 AND
2 1 3253 3255 3252 AND
2 1 3253 3254 3249 AND
2 1 3296 3443 3293 AND
2 1 3174 3671 3669 AND
1 1 3717 3715 INV
2 1 3443 3444 3585 AND
2 1 768 782 767 AND
2 1 765 766 763 AND
2 1 3253 3255 829 AND
2 1 703 704 706 AND
2 1 1041 3214 1032 AND
1 1 893 896 INV
1 1 3381 186 INV
1 1 525 524 INV
2 1 445 463 3044 AND
2 1 1724 3027 1722 AND
2 1 3249 3255 3248 AND
1 1 3669 3674 INV
2 1 3715 3718 3447 AND
1 1 767 3423 INV
1 1 763 3445 INV
1 1 829 831 INV
1 1 3044 466 INV
2 1 3375 3376 3378 AND
1 1 3436 3442 INV
1 1 3447 3193 INV
2 1 3423 3445 3421 AND
1 1 3447 3268 INV
2 1 3423 3445 3264 AND
1 1 3248 3250 INV
1 1 3252 3251 INV
1 1 3293 3294 INV
2 1 3397 3674 3173 AND
1 1 3447 3175 INV
1 1 3585 3584 INV
2 1 3423 3445 3222 AND
1 1 706 705 INV
1 1 1032 1031 INV
2 1 895 896 899 AND
2 1 186 2982 185 AND
2 1 524 541 521 AND
1 1 1722 1721 INV
2 1 3437 3442 3405 AND
2 1 3421 3424 3453 AND
2 1 3164 3251 3247 AND
2 1 3151 3294 3412 AND
2 1 3584 3586 3612 AND
1 1 899 3885 INV
1 1 521 3382 INV
2 1 101 466 3888 XOR
2 1 3382 3885 3374 AND
1 1 3378 3377 INV
1 1 3405 3401 INV
1 1 3453 3446 INV
2 1 3264 3424 3263 AND
1 1 3247 3163 INV
1 1 3885 3289 INV
2 1 3175 3723 3722 AND
1 1 3612 3223 INV
2 1 3222 3397 783 AND
2 1 705 709 708 AND
2 1 1031 3441 1033 AND
1 1 185 184 INV
2 1 1715 1721 1723 AND
1 1 3885 3372 INV
1 1 3263 3257 INV
2 1 3163 3250 3406 AND
1 1 783 3610 INV
1 1 708 3398 INV
1 1 1033 3673 INV
1 1 1723 3889 INV
2 1 3374 3377 3373 AND
1 1 3889 3411 INV
2 1 3397 3398 3440 AND
1 1 3398 3425 INV
1 1 3398 3188 INV
2 1 3160 3289 3291 AND
1 1 3889 3288 INV
2 1 3173 3673 3672 AND
1 1 3722 3725 INV
1 1 3610 3587 INV
2 1 3398 3441 784 AND
2 1 701 3673 702 AND
2 1 184 3382 183 AND
1 1 3373 3848 INV
1 1 3440 3404 INV
2 1 3193 3425 3454 AND
1 1 3889 3269 INV
1 1 3672 3413 INV
1 1 784 778 INV
1 1 3610 779 INV
1 1 702 729 INV
1 1 183 3371 INV
2 1 3371 3372 3387 AND
2 1 3412 3413 3410 AND
1 1 3404 3403 INV
1 1 3454 3450 INV
2 1 3188 3268 3267 AND
2 1 3412 3413 3273 AND
2 1 3412 3413 3276 AND
2 1 3288 3291 3290 AND
2 1 3711 3725 3724 AND
2 1 3223 3587 3589 AND
2 1 778 779 776 AND
2 1 729 3398 707 AND
1 1 3371 187 INV
1 1 3387 3850 INV
1 1 3276 3272 INV
1 1 3290 3309 INV
2 1 3413 63 3299 XOR
1 1 3724 3260 INV
2 1 187 89 3887 XOR
2 1 55 3850 3830 AND
2 1 3848 3850 3828 AND
2 1 3848 3850 3380 AND
1 1 3410 3409 INV
2 1 3401 3403 3402 AND
2 1 3446 3450 3449 AND
1 1 3260 3190 INV
1 1 3267 3266 INV
2 1 3273 3889 3271 AND
2 1 3269 3272 3270 AND
1 1 3887 3310 INV
1 1 3309 3306 INV
2 1 3299 3412 3297 AND
1 1 3589 3588 INV
2 1 776 69 777 AND
2 1 707 3397 3199 AND
1 1 3380 3856 INV
2 1 3409 3411 3368 AND
1 1 3271 3872 INV
1 1 3270 3873 INV
1 1 3297 3882 INV
1 1 3260 3438 INV
1 1 777 3456 INV
1 1 3199 3463 INV
2 1 3830 3848 3185 AND
1 1 3828 3832 INV
2 1 3870 3873 3869 AND
1 1 3856 3854 INV
1 1 3368 3365 INV
1 1 3402 3400 INV
1 1 3449 3452 INV
2 1 58 3873 3476 AND
2 1 3422 3872 3474 AND
2 1 3406 3463 3262 AND
2 1 3257 3266 3265 AND
2 1 3406 3463 3246 AND
2 1 3872 3873 3274 AND
1 1 3882 3157 INV
2 1 3438 3456 3712 AND
2 1 3588 3613 3611 AND
2 1 831 3463 3234 AND
1 1 3185 3772 INV
2 1 3832 3833 3765 AND
2 1 3773 3854 3860 XOR
1 1 3872 3369 INV
1 1 3265 3259 INV
1 1 3274 3764 INV
1 1 3611 3455 INV
1 1 3234 3884 INV
1 1 3765 3775 INV
2 1 3772 54 3771 AND
1 1 3765 3851 INV
2 1 3772 54 3849 AND
2 1 3869 3872 3871 AND
2 1 3764 3870 3358 AND
1 1 3369 3194 INV
2 1 3400 3406 3399 AND
2 1 3397 3452 3451 AND
2 1 3422 3764 3191 AND
2 1 3474 3476 3475 AND
1 1 3764 3483 INV
2 1 3456 3884 3470 AND
2 1 3438 3455 3471 AND
1 1 3262 3261 INV
2 1 3259 3397 3256 AND
2 1 3246 60 3245 AND
1 1 3764 3282 INV
1 1 3884 3159 INV
2 1 3157 3306 3308 AND
1 1 3884 3305 INV
2 1 3455 3712 3713 AND
1 1 3849 3844 INV
1 1 3871 3877 INV
1 1 3399 3392 INV
1 1 3451 3439 INV
1 1 3191 3796 INV
1 1 3475 3837 INV
2 1 3189 3261 3469 AND
1 1 3245 3394 INV
2 1 3162 3282 3279 AND
1 1 3713 3883 INV
1 1 3883 3149 INV
1 1 3771 3770 INV
1 1 3796 3810 INV
2 1 3842 3844 3853 AND
2 1 3358 59 3360 AND
2 1 3194 3365 3364 AND
1 1 3796 3415 INV
2 1 3391 3392 3388 AND
2 1 3438 3439 3448 AND
2 1 3480 3483 3479 AND
2 1 3470 3471 3472 AND
1 1 3469 3187 INV
1 1 3256 3258 INV
2 1 52 3279 3166 AND
1 1 3279 3161 INV
1 1 3883 3302 INV
1 1 3883 3156 INV
2 1 3305 3308 3307 AND
2 1 3149 3884 3779 XOR
2 1 3769 3770 3766 AND
2 1 56 3877 3797 XOR
1 1 3360 3808 INV
1 1 3388 3393 INV
1 1 3448 3396 INV
1 1 3472 3816 INV
2 1 3190 3258 3467 AND
1 1 3394 3468 INV
1 1 3166 3434 INV
1 1 3307 3300 INV
1 1 3766 3778 INV
2 1 50 3816 3823 AND
2 1 3808 3809 3807 AND
1 1 3853 3852 INV
1 1 3364 3367 INV
2 1 3393 3396 3389 AND
1 1 3479 3482 INV
1 1 3467 3466 INV
1 1 3468 3464 INV
2 1 3161 3283 3278 AND
2 1 3159 3302 3304 AND
1 1 3300 3311 INV
1 1 3779 3786 INV
1 1 3823 3763 INV
2 1 3851 3852 3768 AND
1 1 3816 3461 INV
1 1 3278 3435 INV
2 1 3763 3764 3776 AND
2 1 3775 3778 3774 AND
2 1 3763 3764 3148 AND
2 1 3768 3819 3799 AND
2 1 3367 3870 3366 AND
2 1 3389 3394 3390 AND
2 1 3434 3435 3430 AND
2 1 3473 3482 3481 AND
1 1 3461 3457 INV
2 1 3187 3464 3465 AND
2 1 3301 3304 3303 AND
2 1 3156 3311 3313 AND
1 1 3148 3767 INV
1 1 3366 3357 INV
1 1 3390 3408 INV
1 1 3481 3835 INV
2 1 3465 3466 3478 AND
1 1 3303 3277 INV
1 1 3774 3777 INV
2 1 3767 3768 3147 AND
2 1 3835 3837 3867 AND
2 1 3357 3359 3370 AND
2 1 3408 3816 3418 AND
2 1 3408 3816 3395 AND
2 1 3835 3837 3477 AND
1 1 3478 3458 INV
2 1 3310 3313 3312 AND
1 1 3147 3780 INV
1 1 3370 3811 INV
1 1 3395 3812 INV
1 1 3477 3864 INV
1 1 3312 3881 INV
2 1 3776 3777 3762 AND
2 1 3811 3812 3806 AND
1 1 3864 3876 INV
1 1 3418 3417 INV
2 1 3809 3812 3414 AND
1 1 3864 3429 INV
2 1 3457 3458 3460 AND
2 1 3881 3277 3158 AND
1 1 3762 3788 INV
2 1 3808 3811 3383 AND
2 1 3417 3419 3794 AND
2 1 3780 3788 3785 AND
2 1 3780 3788 3761 AND
1 1 3794 3184 INV
2 1 3806 3807 3805 AND
2 1 3794 3836 3866 AND
2 1 3383 3794 3363 AND
1 1 3414 3416 INV
1 1 3460 3459 INV
2 1 3158 23 3275 AND
1 1 3761 3784 INV
1 1 3805 3795 INV
2 1 3415 3416 3385 AND
1 1 3275 3880 INV
2 1 3779 3785 3789 AND
2 1 3784 3786 3783 AND
2 1 3795 3797 3793 AND
2 1 3184 3810 3791 AND
2 1 3866 3867 3868 AND
1 1 3363 3362 INV
1 1 3385 3361 INV
2 1 3459 3809 3462 AND
1 1 3789 3782 INV
1 1 3783 3781 INV
1 1 3868 3803 INV
2 1 3361 3362 3841 AND
1 1 3462 3865 INV
2 1 3781 3782 3787 AND
1 1 3791 3790 INV
2 1 3797 3841 3838 AND
1 1 3865 3874 INV
1 1 3865 3426 INV
1 1 3787 3878 INV
2 1 3790 3793 3792 AND
2 1 3874 3876 3875 AND
2 1 3426 3429 3428 AND
1 1 3792 3817 INV
1 1 3817 3800 INV
1 1 3875 3863 INV
1 1 3428 3431 INV
2 1 3863 57 3862 AND
2 1 3430 3431 3427 AND
1 1 3862 3804 INV
1 1 3427 3386 INV
2 1 3803 3804 3845 AND
2 1 3803 3804 3181 AND
2 1 3386 51 3384 AND
1 1 3386 3433 INV
1 1 3845 3818 INV
1 1 3384 3861 INV
1 1 3818 3183 INV
2 1 3181 3838 3839 AND
2 1 3860 3861 3855 AND
2 1 3432 3433 3192 AND
1 1 3839 3847 INV
1 1 3192 3859 INV
2 1 3183 3800 3802 AND
2 1 3768 3847 3843 AND
2 1 3841 3859 3858 AND
1 1 3802 3801 INV
1 1 3843 3846 INV
2 1 3855 3858 3857 AND
2 1 3186 3846 3815 AND
1 1 3857 3813 INV
1 1 3815 3821 INV
2 1 3799 3801 3798 AND
1 1 3798 3822 INV
1 1 3822 3814 INV
1 1 3814 3820 INV
2 1 3820 3821 3825 AND
1 1 3825 3824 INV
2 1 3813 3824 3826 AND
1 1 3826 3879 INV