1000 1161
3 64 64 33
1 25

1 1 11 1003 INV
1 1 2 1001 INV
1 1 46 1002 INV
1 1 0 1006 INV
1 1 15 1007 INV
1 1 14 1004 INV
1 1 73 1005 INV
1 1 30 995 INV
1 1 98 996 INV
1 1 101 993 INV
1 1 104 994 INV
1 1 23 999 INV
1 1 91 1000 INV
1 1 95 997 INV
1 1 72 998 INV
1 1 74 987 INV
1 1 106 988 INV
1 1 67 985 INV
1 1 68 986 INV
1 1 77 991 INV
1 1 124 992 INV
1 1 122 989 INV
1 1 125 990 INV
1 1 129 1098 INV
1 1 130 1099 INV
1 1 131 1096 INV
1 1 132 1097 INV
1 1 26 1102 INV
1 1 134 1103 INV
1 1 32 1100 INV
1 1 151 1101 INV
1 1 31 1090 INV
1 1 28 1091 INV
1 1 58 1088 INV
1 1 64 1089 INV
1 1 24 1094 INV
1 1 10 1095 INV
1 1 12 1092 INV
1 1 82 1093 INV
1 1 1 1082 INV
1 1 9 1083 INV
1 1 34 1080 INV
1 1 13 1081 INV
1 1 3 1086 INV
1 1 86 1087 INV
1 1 8 1084 INV
1 1 7 1085 INV
1 1 4 1074 INV
1 1 102 1075 INV
1 1 107 1072 INV
1 1 27 1073 INV
1 1 5 1078 INV
1 1 89 1079 INV
1 1 6 1076 INV
1 1 70 1077 INV
1 1 69 1130 INV
1 1 75 1131 INV
1 1 25 1128 INV
1 1 118 1129 INV
1 1 115 1134 INV
1 1 114 1135 INV
1 1 119 1132 INV
1 1 120 1133 INV
1 1 111 1122 INV
1 1 133 1123 INV
1 1 142 1120 INV
1 1 146 1121 INV
1 1 156 1126 INV
1 1 154 1127 INV
1 1 157 1124 INV
1 1 158 1125 INV
1 1 160 1114 INV
1 1 152 1115 INV
1 1 153 1112 INV
1 1 36 1113 INV
1 1 45 1118 INV
1 1 49 1119 INV
1 1 54 1116 INV
1 1 55 1117 INV
1 1 60 1106 INV
1 1 65 1107 INV
1 1 63 1104 INV
2 1 995 999 1105 AND
1 1 1105 1110 INV
2 1 17 1110 1111 AND
1 1 1111 1108 INV
2 1 16 1110 1109 AND
2 1 76 1109 1034 XOR
1 1 1034 1035 INV
2 1 77 1034 1032 AND
1 1 1032 1033 INV
2 1 128 1082 1038 XOR
2 1 128 1 1039 XOR
2 1 1001 1038 1036 AND
2 1 35 1036 1037 XOR
2 1 2 1082 1026 AND
2 1 1002 1026 1027 XOR
2 1 1027 1037 1024 AND
1 1 1024 1025 INV
2 1 1025 0 1030 AND
2 1 2 1039 1031 AND
1 1 1031 1028 INV
2 1 1001 1 1029 AND
2 1 117 1029 1018 XOR
2 1 1018 1028 1019 AND
2 1 1006 1019 1016 AND
2 1 150 1016 1017 XOR
2 1 57 1030 1022 XOR
2 1 1017 1022 1023 AND
1 1 1023 1020 INV
2 1 5 1076 1021 AND
1 1 1021 1010 INV
2 1 95 1021 1011 AND
1 1 1011 1008 INV
2 1 5 6 1009 XOR
1 1 1009 1014 INV
2 1 997 1014 1015 AND
1 1 1015 1012 INV
2 1 997 1009 1013 AND
1 1 1013 1066 INV
2 1 95 1010 1067 AND
1 1 1067 1064 INV
2 1 1008 1012 1065 AND
2 1 1064 1066 1070 AND
2 1 1070 1074 1071 AND
1 1 1071 1068 INV
2 1 1009 4 1069 AND
2 1 1069 139 1058 XOR
2 1 1058 1068 1059 AND
1 1 1059 1056 INV
2 1 1023 1059 1057 AND
1 1 1057 1062 INV
2 1 1019 0 1063 XOR
2 1 1065 4 1060 AND
1 1 1060 1061 INV
2 1 106 1061 1050 AND
2 1 1050 1068 1051 AND
1 1 1051 1048 INV
2 1 988 1071 1049 AND
1 1 1049 1054 INV
2 1 1048 1054 1055 AND
2 1 1055 1063 1052 AND
1 1 1052 1053 INV
2 1 66 1057 1042 XOR
2 1 1042 1053 1043 AND
1 1 1043 1040 INV
2 1 7 84 1041 XOR
2 1 1041 3 1046 XOR
2 1 1041 1086 1047 XOR
2 1 1040 1047 1044 AND
1 1 1044 1045 INV
2 1 1043 1046 563 AND
1 1 563 564 INV
2 1 1043 1047 561 XOR
2 1 985 986 562 AND
2 1 561 562 567 AND
1 1 567 568 INV
2 1 68 1045 565 AND
1 1 565 566 INV
2 1 67 564 555 AND
1 1 555 556 INV
2 1 556 566 553 AND
2 1 553 568 554 AND
1 1 554 559 INV
2 1 1100 20 560 AND
1 1 560 557 INV
2 1 14 1007 558 AND
1 1 558 547 INV
2 1 14 15 548 XOR
2 1 548 1080 545 AND
1 1 545 546 INV
2 1 34 547 551 AND
1 1 551 552 INV
2 1 546 552 549 AND
2 1 549 1083 550 AND
1 1 550 539 INV
2 1 9 549 540 XOR
2 1 8 540 537 AND
1 1 537 538 INV
2 1 9 548 543 AND
1 1 543 544 INV
2 1 544 1005 541 AND
1 1 541 542 INV
2 1 550 1005 595 AND
1 1 595 596 INV
2 1 539 542 593 AND
1 1 593 594 INV
2 1 594 596 599 AND
2 1 599 1084 600 AND
1 1 600 597 INV
2 1 538 597 598 AND
2 1 557 598 587 XOR
2 1 559 587 588 AND
1 1 588 585 INV
2 1 30 33 586 XOR
1 1 586 591 INV
2 1 585 586 592 AND
2 1 70 564 589 AND
1 1 589 590 INV
2 1 563 1077 579 AND
1 1 579 580 INV
2 1 1020 1056 577 AND
1 1 577 578 INV
2 1 1020 1059 583 XOR
2 1 74 72 584 AND
2 1 583 584 581 AND
1 1 581 582 INV
2 1 987 1062 571 AND
1 1 571 572 INV
2 1 578 998 569 AND
1 1 569 570 INV
2 1 570 572 575 AND
2 1 575 582 576 AND
1 1 576 573 INV
2 1 1046 71 574 XOR
2 1 573 574 499 AND
1 1 499 500 INV
2 1 598 69 497 AND
1 1 497 498 INV
2 1 587 1130 503 AND
1 1 503 504 INV
2 1 498 504 501 AND
2 1 501 580 502 AND
2 1 500 502 491 AND
2 1 491 590 492 AND
2 1 492 1131 489 XOR
2 1 489 592 490 AND
1 1 490 495 INV
2 1 495 1032 496 AND
1 1 496 493 INV
2 1 490 1033 494 AND
1 1 494 483 INV
2 1 991 1035 484 AND
1 1 484 481 INV
2 1 481 483 482 AND
2 1 482 493 487 AND
1 1 487 488 INV
2 1 488 1108 485 AND
2 1 485 78 486 XOR
2 1 22 23 475 AND
1 1 475 476 INV
2 1 79 1100 473 XOR
2 1 79 32 474 XOR
2 1 31 474 479 AND
2 1 476 479 480 AND
2 1 480 1072 477 XOR
2 1 107 480 478 XOR
2 1 30 476 531 AND
2 1 1091 32 532 AND
2 1 531 532 529 AND
1 1 529 530 INV
2 1 477 530 535 AND
1 1 535 536 INV
2 1 108 536 533 XOR
2 1 96 999 534 XOR
2 1 474 534 523 AND
2 1 17 523 524 AND
1 1 524 521 INV
2 1 14 524 522 AND
2 1 522 97 527 XOR
2 1 17 999 528 AND
2 1 528 1100 525 AND
1 1 525 526 INV
2 1 99 526 515 XOR
2 1 515 1004 516 AND
1 1 516 513 INV
2 1 513 527 514 AND
2 1 100 514 519 XOR
2 1 10 519 520 AND
1 1 520 517 INV
2 1 526 1004 518 AND
1 1 518 507 INV
2 1 507 1095 508 AND
2 1 508 527 505 AND
2 1 505 996 506 XOR
2 1 8 13 511 XOR
2 1 8 1081 512 XOR
2 1 512 1007 509 AND
1 1 509 510 INV
2 1 511 15 691 AND
2 1 511 15 692 XOR
2 1 511 1007 689 XOR
2 1 506 689 690 AND
2 1 517 690 695 AND
2 1 695 993 696 XOR
2 1 521 1004 693 AND
1 1 693 694 INV
2 1 527 694 683 AND
1 1 683 684 INV
2 1 10 684 681 AND
1 1 681 682 INV
2 1 506 682 687 AND
1 1 687 688 INV
2 1 692 94 685 XOR
2 1 685 688 686 AND
1 1 686 675 INV
2 1 675 696 676 AND
1 1 676 673 INV
2 1 4 7 674 XOR
2 1 674 1038 679 XOR
1 1 679 680 INV
2 1 676 680 677 AND
1 1 677 678 INV
2 1 688 692 667 AND
2 1 105 667 668 XOR
2 1 668 696 665 AND
1 1 665 666 INV
2 1 666 679 671 AND
1 1 671 672 INV
2 1 672 678 669 AND
1 1 669 670 INV
2 1 586 1102 723 AND
2 1 670 723 724 AND
1 1 724 721 INV
2 1 103 679 722 AND
1 1 722 727 INV
2 1 727 1075 728 AND
1 1 728 725 INV
2 1 102 679 726 AND
1 1 726 715 INV
2 1 715 725 716 AND
2 1 673 728 713 AND
1 1 713 714 INV
2 1 676 716 719 AND
1 1 719 720 INV
2 1 720 995 717 AND
2 1 714 717 718 AND
2 1 718 994 707 XOR
2 1 26 707 708 AND
1 1 708 705 INV
2 1 705 721 706 AND
1 1 706 711 INV
2 1 9 1004 712 AND
1 1 712 709 INV
2 1 14 9 710 XOR
2 1 710 1079 699 AND
1 1 699 700 INV
2 1 89 709 697 AND
1 1 697 698 INV
2 1 698 700 703 AND
2 1 703 1003 704 AND
2 1 5 1085 701 AND
2 1 1078 7 702 AND
1 1 702 627 INV
2 1 5 7 628 XOR
2 1 628 1001 625 XOR
2 1 2 628 626 XOR
2 1 710 11 631 AND
1 1 631 632 INV
2 1 625 632 629 AND
2 1 90 704 630 XOR
2 1 629 630 619 AND
2 1 703 11 620 XOR
2 1 92 627 617 AND
1 1 617 618 INV
2 1 92 701 623 AND
1 1 623 624 INV
2 1 618 626 621 AND
1 1 621 622 INV
2 1 622 624 611 AND
1 1 611 612 INV
2 1 612 620 609 AND
1 1 609 610 INV
2 1 619 1000 615 XOR
2 1 610 615 616 AND
1 1 616 613 INV
2 1 22 18 614 AND
2 1 614 1100 603 AND
2 1 603 88 604 XOR
2 1 604 616 601 AND
1 1 601 602 INV
2 1 604 613 607 XOR
2 1 586 607 608 AND
1 1 608 605 INV
2 1 27 605 606 AND
2 1 608 1073 659 AND
1 1 659 660 INV
2 1 93 606 657 XOR
2 1 657 660 658 AND
1 1 658 663 INV
2 1 658 706 664 AND
2 1 533 664 661 AND
2 1 486 661 662 AND
2 1 22 995 651 AND
1 1 651 652 INV
2 1 652 19 649 AND
1 1 649 650 INV
2 1 474 21 655 AND
1 1 655 656 INV
2 1 1081 3 653 XOR
2 1 653 656 654 XOR
2 1 653 655 643 XOR
2 1 1092 11 644 AND
1 1 644 641 INV
2 1 12 1003 642 AND
1 1 642 647 INV
2 1 641 81 648 XOR
2 1 647 648 645 AND
1 1 645 646 INV
2 1 645 1095 635 AND
1 1 635 636 INV
2 1 10 646 633 AND
1 1 633 634 INV
2 1 635 82 639 AND
1 1 639 640 INV
2 1 634 1093 637 AND
2 1 636 637 638 AND
1 1 638 819 INV
2 1 640 819 820 AND
1 1 820 817 INV
2 1 599 1023 818 AND
2 1 599 1020 823 XOR
2 1 820 823 824 AND
1 1 824 821 INV
2 1 540 1063 822 AND
1 1 822 811 INV
2 1 80 818 812 XOR
2 1 811 812 809 AND
1 1 809 810 INV
2 1 809 817 815 AND
1 1 815 816 INV
2 1 815 85 813 XOR
2 1 813 821 814 AND
1 1 814 803 INV
2 1 810 820 804 AND
1 1 804 801 INV
2 1 83 815 802 XOR
2 1 801 802 807 AND
1 1 807 808 INV
2 1 654 807 805 AND
1 1 805 806 INV
2 1 643 803 795 AND
1 1 795 796 INV
2 1 796 806 793 AND
2 1 793 1087 794 XOR
2 1 586 794 799 AND
1 1 799 800 INV
2 1 799 1094 797 AND
1 1 797 798 INV
2 1 643 808 851 AND
1 1 851 852 INV
2 1 654 814 849 AND
1 1 849 850 INV
2 1 586 850 855 AND
2 1 852 855 856 AND
1 1 856 853 INV
2 1 853 24 854 AND
1 1 854 843 INV
2 1 798 843 844 AND
1 1 844 841 INV
2 1 650 841 842 AND
2 1 87 842 847 XOR
2 1 662 847 848 AND
2 1 642 1134 845 AND
1 1 845 846 INV
2 1 647 115 835 AND
1 1 835 836 INV
2 1 641 846 833 AND
2 1 833 836 834 AND
1 1 834 839 INV
2 1 10 839 840 AND
2 1 840 116 837 XOR
2 1 599 837 838 AND
2 1 636 838 827 AND
1 1 827 828 INV
2 1 540 820 825 AND
2 1 825 1129 826 XOR
2 1 826 828 831 AND
1 1 831 832 INV
2 1 1055 1135 829 XOR
2 1 1055 114 830 XOR
2 1 829 831 755 AND
1 1 755 756 INV
2 1 830 832 753 AND
2 1 753 1132 754 XOR
2 1 754 756 759 AND
1 1 759 760 INV
2 1 16 523 757 AND
1 1 757 758 INV
2 1 1006 113 747 XOR
2 1 747 758 748 XOR
2 1 747 757 745 XOR
2 1 745 760 746 AND
1 1 746 751 INV
2 1 123 746 752 AND
1 1 752 749 INV
2 1 121 832 750 AND
2 1 750 830 739 XOR
2 1 750 829 740 XOR
2 1 739 748 737 AND
1 1 737 738 INV
2 1 123 738 743 AND
1 1 743 744 INV
2 1 744 751 741 AND
1 1 741 742 INV
2 1 742 749 731 AND
1 1 731 732 INV
2 1 586 732 729 AND
1 1 729 730 INV
2 1 729 1128 735 AND
2 1 735 992 736 XOR
2 1 591 25 733 AND
1 1 733 734 INV
2 1 748 759 787 AND
1 1 787 788 INV
2 1 787 120 785 AND
1 1 785 786 INV
2 1 788 1133 791 AND
1 1 791 792 INV
2 1 740 745 789 AND
1 1 789 790 INV
2 1 790 25 779 AND
2 1 779 792 780 AND
2 1 780 786 777 AND
1 1 777 778 INV
2 1 734 778 783 AND
2 1 783 989 784 XOR
2 1 736 784 781 AND
1 1 781 782 INV
2 1 9 6 771 XOR
2 1 6 1083 772 XOR
2 1 771 3 769 AND
1 1 769 770 INV
2 1 3 110 775 XOR
2 1 772 775 776 AND
1 1 776 773 INV
2 1 770 773 774 AND
2 1 689 774 763 AND
1 1 763 764 INV
2 1 771 775 761 AND
1 1 761 762 INV
2 1 772 3 767 AND
1 1 767 768 INV
2 1 510 762 765 AND
2 1 765 768 766 AND
2 1 691 109 947 XOR
2 1 766 947 948 AND
1 1 948 945 INV
2 1 764 945 946 AND
1 1 946 951 INV
2 1 22 19 952 AND
2 1 474 952 949 AND
2 1 12 949 950 XOR
1 1 950 939 INV
2 1 946 950 940 AND
2 1 939 951 937 AND
2 1 946 950 938 XOR
2 1 938 111 943 AND
1 1 943 944 INV
2 1 940 1122 941 AND
1 1 941 942 INV
2 1 942 944 931 AND
2 1 586 931 932 AND
2 1 22 586 929 AND
1 1 929 930 INV
2 1 18 930 935 AND
1 1 935 936 INV
2 1 932 936 933 AND
1 1 933 934 INV
2 1 932 112 923 XOR
2 1 923 935 924 AND
1 1 924 921 INV
2 1 921 934 922 AND
1 1 922 927 INV
2 1 782 922 928 AND
2 1 928 990 925 XOR
2 1 848 925 926 AND
1 1 926 979 INV
2 1 926 0 1142 XOR
2 1 730 25 980 AND
2 1 995 1128 977 AND
2 1 732 977 978 AND
2 1 978 1097 983 XOR
2 1 980 1096 984 XOR
2 1 983 984 981 AND
1 1 981 982 INV
2 1 922 981 971 AND
2 1 847 971 972 AND
2 1 604 126 969 XOR
2 1 613 969 970 AND
2 1 970 127 975 XOR
2 1 602 975 976 AND
1 1 976 973 INV
2 1 586 973 974 AND
1 1 974 963 INV
2 1 27 963 964 AND
1 1 964 961 INV
2 1 964 1098 962 AND
1 1 962 967 INV
2 1 660 1098 968 AND
1 1 968 965 INV
2 1 961 965 966 AND
1 1 966 955 INV
2 1 955 967 956 AND
2 1 956 1099 953 XOR
1 1 953 954 INV
2 1 711 953 959 AND
2 1 486 536 960 AND
2 1 959 960 957 AND
2 1 957 972 958 AND
1 1 958 883 INV
2 1 958 1 1153 XOR
2 1 676 679 884 XOR
2 1 586 884 881 AND
1 1 881 882 INV
2 1 26 882 887 AND
1 1 887 888 INV
2 1 721 888 885 AND
2 1 663 885 886 AND
2 1 886 960 875 AND
2 1 875 972 876 AND
1 1 876 873 INV
2 1 2 876 1160 XOR
2 1 937 133 874 AND
1 1 874 879 INV
2 1 938 1123 880 AND
1 1 880 877 INV
2 1 877 879 878 AND
1 1 878 867 INV
2 1 878 936 868 AND
2 1 868 1103 865 XOR
2 1 586 865 866 AND
1 1 866 871 INV
2 1 871 921 872 AND
1 1 872 869 INV
2 1 869 981 870 AND
2 1 848 870 859 AND
1 1 859 860 INV
2 1 3 135 857 XOR
2 1 857 859 1136 XOR
2 1 29 136 858 XOR
2 1 858 32 863 AND
1 1 863 864 INV
2 1 531 863 861 AND
2 1 861 137 862 XOR
2 1 477 862 915 AND
1 1 915 916 INV
2 1 886 916 913 AND
2 1 782 869 914 AND
2 1 847 914 919 AND
2 1 486 919 920 AND
2 1 913 920 917 AND
2 1 917 138 918 XOR
2 1 9 140 907 XOR
2 1 907 918 1143 XOR
2 1 842 916 908 AND
2 1 908 1120 905 XOR
2 1 756 141 906 XOR
2 1 754 906 911 AND
1 1 911 912 INV
2 1 745 912 909 AND
1 1 909 910 INV
2 1 738 910 899 AND
1 1 899 900 INV
2 1 900 995 897 AND
1 1 897 898 INV
2 1 898 25 903 AND
1 1 903 904 INV
2 1 736 904 901 AND
1 1 901 902 INV
2 1 663 711 891 AND
2 1 872 891 892 AND
2 1 892 902 889 AND
2 1 485 889 890 AND
2 1 890 905 895 AND
1 1 895 896 INV
2 1 14 895 1148 XOR
2 1 916 959 893 AND
2 1 893 920 894 AND
1 1 894 251 INV
2 1 894 15 1149 XOR
2 1 800 24 252 AND
1 1 252 249 INV
2 1 995 1094 250 AND
2 1 250 793 255 AND
1 1 255 256 INV
2 1 249 256 253 AND
2 1 253 650 254 AND
2 1 254 143 243 XOR
2 1 243 925 244 AND
2 1 244 957 241 AND
1 1 241 242 INV
2 1 241 4 1137 XOR
2 1 244 875 247 AND
2 1 247 144 248 XOR
2 1 248 1078 1138 XOR
2 1 243 914 245 AND
2 1 245 662 246 AND
1 1 246 235 INV
2 1 6 145 236 XOR
2 1 236 246 1139 XOR
2 1 485 533 233 AND
2 1 233 1121 234 XOR
2 1 891 971 239 AND
2 1 239 243 240 AND
2 1 234 240 237 AND
1 1 237 238 INV
2 1 237 7 1140 XOR
2 1 243 486 227 AND
2 1 870 893 228 AND
2 1 227 228 225 AND
1 1 225 226 INV
2 1 8 147 231 XOR
2 1 225 231 1141 XOR
2 1 487 1108 232 AND
2 1 232 847 229 AND
2 1 229 925 230 AND
2 1 230 893 283 AND
1 1 283 284 INV
2 1 283 10 1144 XOR
2 1 230 913 281 AND
1 1 281 282 INV
2 1 281 11 1145 XOR
2 1 643 801 287 AND
2 1 287 149 288 XOR
2 1 288 813 285 AND
1 1 285 286 INV
2 1 816 821 275 AND
2 1 275 148 276 XOR
2 1 276 654 273 AND
1 1 273 274 INV
2 1 274 286 279 AND
1 1 279 280 INV
2 1 280 995 277 AND
1 1 277 278 INV
2 1 278 24 267 AND
1 1 267 268 INV
2 1 268 798 265 AND
1 1 265 266 INV
2 1 266 650 271 AND
2 1 232 916 272 AND
2 1 885 953 269 AND
2 1 271 916 270 AND
2 1 270 869 259 AND
2 1 232 269 260 AND
2 1 260 982 257 AND
2 1 257 259 258 AND
1 1 258 263 INV
2 1 258 12 1146 XOR
2 1 271 1101 264 XOR
2 1 271 151 261 XOR
2 1 781 927 262 AND
2 1 262 893 187 AND
2 1 187 232 188 AND
2 1 188 261 185 AND
1 1 185 186 INV
2 1 185 13 1147 XOR
2 1 487 706 191 AND
2 1 191 901 192 AND
2 1 922 1108 189 AND
2 1 189 953 190 AND
2 1 190 254 179 AND
2 1 192 1126 180 XOR
2 1 179 180 177 AND
1 1 177 178 INV
2 1 1090 1100 183 AND
2 1 178 183 184 AND
1 1 184 181 INV
2 1 282 284 182 AND
2 1 182 38 171 XOR
2 1 229 1113 172 XOR
2 1 172 228 169 AND
1 1 169 170 INV
2 1 664 37 175 XOR
2 1 175 272 176 AND
2 1 176 919 173 AND
1 1 173 174 INV
2 1 170 174 163 AND
2 1 163 171 164 AND
2 1 164 39 161 XOR
2 1 226 251 162 AND
2 1 162 40 167 XOR
2 1 889 916 168 AND
2 1 168 486 165 AND
2 1 165 847 166 AND
1 1 166 219 INV
2 1 219 918 220 AND
2 1 167 220 217 AND
2 1 873 883 218 AND
2 1 860 979 223 AND
2 1 218 223 224 AND
2 1 235 238 221 AND
2 1 221 242 222 AND
2 1 222 248 211 AND
2 1 211 224 212 AND
1 1 212 209 INV
2 1 161 212 210 AND
2 1 217 41 215 XOR
2 1 210 215 216 AND
1 1 216 213 INV
2 1 213 42 214 XOR
1 1 214 203 INV
2 1 269 478 204 AND
2 1 204 1127 201 XOR
2 1 232 243 202 AND
2 1 201 202 207 AND
2 1 207 925 208 AND
2 1 478 922 205 AND
2 1 205 901 206 AND
2 1 202 206 195 AND
2 1 959 152 196 XOR
2 1 959 1115 193 XOR
2 1 195 196 194 AND
1 1 194 199 INV
2 1 199 153 200 AND
1 1 200 197 INV
2 1 208 155 198 XOR
2 1 197 198 379 AND
2 1 706 954 380 AND
2 1 195 380 377 AND
2 1 377 1114 378 XOR
2 1 201 971 383 AND
2 1 383 1124 384 XOR
2 1 227 384 381 AND
1 1 381 382 INV
2 1 382 1125 371 AND
1 1 371 372 INV
2 1 178 479 369 AND
2 1 381 158 370 AND
1 1 370 375 INV
2 1 207 870 376 AND
1 1 376 373 INV
2 1 372 373 374 AND
2 1 369 375 363 AND
2 1 363 374 364 AND
2 1 253 649 361 AND
1 1 361 362 INV
2 1 264 362 367 AND
1 1 367 368 INV
2 1 232 368 365 AND
1 1 365 366 INV
2 1 487 1111 355 AND
2 1 355 159 356 XOR
2 1 243 356 353 AND
1 1 353 354 INV
2 1 354 366 359 AND
1 1 359 360 INV
2 1 360 384 357 AND
1 1 357 358 INV
2 1 194 1112 411 AND
1 1 411 412 INV
2 1 358 412 409 AND
2 1 378 379 410 AND
2 1 409 410 415 AND
2 1 364 415 416 AND
2 1 203 416 413 AND
1 1 413 414 INV
2 1 181 414 1159 AND
2 1 213 591 403 AND
2 1 403 1034 404 AND
1 1 404 401 INV
2 1 554 44 402 XOR
2 1 587 43 407 XOR
2 1 402 407 408 XOR
2 1 408 1118 405 AND
2 1 408 1118 406 XOR
2 1 401 406 395 AND
1 1 395 396 INV
2 1 404 405 393 AND
1 1 393 394 INV
2 1 473 1090 399 AND
1 1 399 400 INV
2 1 394 400 397 AND
2 1 396 397 1150 AND
2 1 30 24 398 AND
2 1 214 398 387 AND
1 1 387 388 INV
2 1 388 794 385 AND
1 1 385 386 INV
2 1 279 398 391 AND
2 1 213 391 392 AND
1 1 392 389 INV
2 1 386 389 390 AND
1 1 390 315 INV
2 1 315 400 1151 AND
2 1 670 47 316 AND
2 1 26 30 313 AND
2 1 213 313 314 AND
2 1 314 316 319 XOR
2 1 319 400 320 AND
2 1 320 48 1154 XOR
2 1 30 27 317 AND
2 1 214 317 318 AND
2 1 318 973 307 XOR
2 1 307 400 1155 AND
2 1 403 18 308 AND
1 1 308 305 INV
2 1 305 931 306 AND
1 1 306 311 INV
2 1 308 867 312 AND
1 1 312 309 INV
2 1 309 1119 310 AND
2 1 310 311 299 AND
1 1 299 300 INV
2 1 312 49 297 AND
1 1 297 298 INV
2 1 298 400 303 AND
2 1 300 303 1156 AND
2 1 473 1091 304 AND
1 1 304 301 INV
2 1 301 402 302 AND
1 1 302 291 INV
2 1 209 1100 292 AND
2 1 292 50 289 XOR
1 1 289 290 INV
2 1 289 291 295 AND
2 1 290 302 296 AND
2 1 28 20 293 AND
1 1 293 294 INV
2 1 294 32 347 AND
1 1 347 348 INV
2 1 291 347 345 AND
1 1 345 346 INV
2 1 295 51 351 XOR
2 1 296 52 352 XOR
2 1 351 352 349 AND
1 1 349 350 INV
2 1 348 350 339 AND
1 1 339 340 INV
2 1 340 346 337 AND
1 1 337 1157 INV
2 1 21 29 338 AND
1 1 338 343 INV
2 1 343 473 344 AND
1 1 344 341 INV
2 1 511 53 342 XOR
2 1 342 831 331 XOR
2 1 331 864 332 AND
1 1 332 329 INV
2 1 162 918 330 AND
2 1 891 925 335 AND
2 1 335 486 336 AND
2 1 270 336 333 AND
1 1 333 334 INV
2 1 330 334 323 AND
2 1 186 263 324 AND
2 1 182 324 321 AND
2 1 323 1116 322 XOR
2 1 321 322 327 AND
1 1 327 328 INV
2 1 328 1100 325 AND
1 1 325 326 INV
2 1 326 332 443 AND
2 1 443 1117 444 XOR
2 1 443 55 441 XOR
2 1 341 444 442 AND
1 1 442 447 INV
2 1 324 896 448 AND
2 1 886 56 445 XOR
2 1 193 445 446 AND
1 1 446 435 INV
2 1 435 916 436 AND
2 1 230 436 433 AND
2 1 433 1088 434 XOR
2 1 434 448 439 AND
2 1 330 439 440 AND
1 1 440 437 INV
2 1 329 474 438 AND
2 1 437 438 427 AND
1 1 427 428 INV
2 1 428 447 425 AND
2 1 344 441 426 AND
2 1 426 1106 431 XOR
2 1 425 59 432 XOR
2 1 431 432 429 AND
2 1 429 61 1158 XOR
2 1 739 62 430 XOR
2 1 740 62 419 XOR
2 1 213 733 420 AND
1 1 420 417 INV
2 1 417 419 418 AND
2 1 430 733 423 AND
2 1 212 327 424 AND
1 1 424 421 INV
2 1 421 423 422 AND
1 1 422 467 INV
2 1 467 745 468 AND
2 1 418 1104 465 XOR
2 1 465 468 466 AND
1 1 466 471 INV
2 1 213 423 472 AND
1 1 472 469 INV
2 1 211 1107 470 XOR
2 1 224 440 459 AND
2 1 459 470 460 AND
1 1 460 457 INV
2 1 457 733 458 AND
1 1 458 463 INV
2 1 419 463 464 AND
1 1 464 461 INV
2 1 461 64 462 AND
2 1 462 469 451 AND
1 1 451 452 INV
2 1 472 1089 449 AND
1 1 449 450 INV
2 1 450 748 455 AND
2 1 452 455 456 AND
1 1 456 453 INV
2 1 400 471 454 AND
2 1 453 454 1152 AND
